IEVE  T1       T2       T3      W      XM212   XM223
    1     0.530     0.261     0.209  6674.065  2436.637  3543.819
    2     0.259     0.421     0.320  8128.699  1122.663  6749.216
    3     0.349     0.334     0.317  7950.433  1159.573  5683.349
    4     0.576     0.134     0.290  6697.745  1479.349  3003.589
    5     0.435     0.212     0.353  7764.188   736.981  4665.244
    6     0.308     0.308     0.384  8345.036   372.638  6168.069
    7     0.412     0.282     0.307  7728.124  1278.477  4944.686
    8     0.342     0.272     0.386  8241.998   342.662  5762.921
    9     0.475     0.336     0.190  6605.014  2662.015  4200.795
   10     0.101     0.576     0.323  8238.516  1088.742  8608.164
   11     0.591     0.086     0.323  6180.930  1088.371  2826.943
   12     0.587     0.407     0.006  1057.485  4825.280  2873.112
   13     0.430     0.354     0.216  6985.495  2355.140  4726.748
   14     0.478     0.470     0.052  3579.237  4287.067  4159.210
   15     0.317     0.357     0.326  8070.656  1051.833  6065.732
   16     0.416     0.459     0.125  5634.367  3426.445  4894.293
   17     0.458     0.302     0.240  7162.575  2062.565  4400.854
   18     0.120     0.517     0.363  8505.310   620.837  8386.077
   19     0.382     0.457     0.161  6318.645  3001.027  5292.769
   20     0.363     0.398     0.238  7326.349  2086.235  5514.732
   21     0.630     0.310     0.060  3738.098  4192.821  2365.503
   22     0.687     0.062     0.251  5110.876  1932.530  1696.420
   23     0.670     0.217     0.113  4955.674  3571.109  1893.611
   24     0.472     0.255     0.273  7342.781  1677.897  4226.715
   25     0.663     0.162     0.175  5761.914  2829.208  1978.981
   26     0.582     0.408     0.009  1323.868  4789.380  2929.600
   27     0.455     0.438     0.107  5216.197  3635.922  4429.609
   28     0.424     0.397     0.179  6544.259  2787.872  4795.877
   29     0.328     0.436     0.236  7348.312  2113.787  5931.120
   30     0.342     0.270     0.388  8247.621   317.437  5765.864
   31     0.304     0.549     0.147  6135.424  3165.598  6213.297
   32     0.377     0.512     0.111  5365.868  3587.682  5356.952
   33     0.461     0.466     0.073  4289.150  4044.395  4360.256
   34     0.648     0.079     0.273  5692.839  1678.652  2149.505
   35     0.571     0.207     0.221  6609.247  2287.073  3060.972
   36     0.354     0.382     0.265  7579.840  1775.363  5627.517
   37     0.372     0.530     0.098  5062.101  3738.188  5412.134
   38     0.402     0.392     0.206  6924.129  2466.817  5062.452
   39     0.315     0.336     0.348  8187.962   788.832  6081.146
   40     0.409     0.409     0.181  6592.181  2763.000  4969.540
   41     0.482     0.469     0.049  3454.816  4324.719  4114.109
   42     0.418     0.215     0.367  7870.949   573.848  4869.262
   43     0.222     0.380     0.398  8591.362   198.459  7185.552
   44     0.634     0.201     0.165  5834.551  2954.299  2322.062
   45     0.242     0.494     0.264  7704.577  1786.441  6942.767
   46     0.183     0.517     0.300  8057.871  1357.216  7641.504
   47     0.515     0.204     0.281  7180.222  1588.356  3722.758
   48     0.234     0.398     0.368  8435.482   558.762  7036.911
   49     0.436     0.202     0.362  7762.204   628.019  4653.222
   50     0.599     0.063     0.339  5668.400   901.541  2737.450
   51     0.597     0.133     0.271  6527.958  1705.329  2759.836
   52     0.495     0.387     0.118  5407.341  3512.322  3959.949
   53     0.414     0.488     0.098  5034.049  3740.115  4917.608
   54     0.657     0.238     0.106  4865.930  3653.476  2052.502
   55     0.625     0.066     0.309  5611.902  1251.685  2428.990
   56     0.324     0.295     0.381  8288.007   409.522  5978.011
   57     0.518     0.171     0.311  7206.119  1225.752  3694.367
   58     0.151     0.445     0.404  8705.514   134.364  8016.735
   59     0.136     0.490     0.374  8564.573   491.582  8197.271
   60     0.592     0.261     0.147  5754.511  3168.439  2816.171
   61     0.543     0.251     0.206  6609.300  2466.013  3396.254
   62     0.511     0.213     0.275  7181.588  1651.606  3765.719
   63     0.596     0.194     0.210  6404.800  2424.451  2769.146
   64     0.455     0.468     0.077  4417.016  3995.913  4427.398
   65     0.401     0.425     0.174  6500.710  2846.525  5065.907
   66     0.403     0.525     0.072  4318.068  4045.074  5049.791
   67     0.642     0.287     0.071  4066.301  4060.246  2223.444
   68     0.583     0.381     0.035  2840.906  4481.541  2917.481
   69     0.505     0.372     0.122  5488.598  3458.237  3836.464
   70     0.539     0.157     0.304  7035.392  1310.281  3443.563
   71     0.156     0.530     0.314  8177.180  1193.671  7960.774
   72     0.626     0.320     0.054  3523.957  4268.664  2411.179
   73     0.598     0.095     0.307  6257.727  1281.394  2741.271
   74     0.572     0.339     0.089  4642.213  3854.805  3052.180
   75     0.444     0.425     0.131  5731.220  3354.221  4563.842
   76     0.471     0.155     0.375  7470.374   479.732  4245.348
   77     0.008     0.595     0.397  6490.287   215.456  9705.741
   78     0.532     0.369     0.099  4940.364  3736.024  3521.037
   79     0.236     0.478     0.286  7903.925  1524.224  7020.067
   80     0.626     0.257     0.118  5184.262  3509.700  2418.895
   81     0.513     0.203     0.285  7204.395  1542.340  3749.493
   82     0.393     0.467     0.140  5937.848  3253.773  5158.222
   83     0.249     0.492     0.259  7650.174  1847.561  6860.042
   84     0.083     0.571     0.345  8369.356   827.085  8817.473
   85     0.209     0.576     0.216  7209.816  2354.954  7337.744
   86     0.298     0.557     0.145  6103.328  3188.508  6287.037
   87     0.551     0.159     0.290  6940.757  1475.293  3296.079
   88     0.341     0.522     0.137  5935.258  3278.833  5779.911
   89     0.632     0.242     0.126  5306.475  3416.105  2342.228
   90     0.496     0.394     0.110  5232.793  3606.914  3942.897
   91     0.354     0.353     0.293  7794.652  1439.008  5629.230
   92     0.686     0.113     0.201  5621.941  2529.976  1703.251
   93     0.386     0.347     0.267  7537.401  1752.736  5248.508
   94     0.207     0.549     0.243  7525.650  2028.160  7354.283
   95     0.432     0.228     0.340  7764.545   886.338  4706.702
   96     0.628     0.212     0.160  5809.219  3008.217  2388.559
   97     0.470     0.461     0.069  4168.649  4087.669  4250.287
   98     0.144     0.460     0.396  8673.817   229.601  8104.992
   99     0.553     0.422     0.026  2370.943  4598.663  3279.780
  100     0.572     0.159     0.270  6772.660  1716.289  3056.929
  101     0.485     0.329     0.186  6539.878  2704.164  4073.297
  102     0.624     0.335     0.041  3058.014  4413.728  2440.037
  103     0.536     0.082     0.382  6408.295   389.880  3479.811
  104     0.509     0.468     0.023  2240.990  4630.090  3793.086
  105     0.526     0.100     0.375  6736.236   476.941  3599.649
  106     0.312     0.547     0.141  6024.335  3233.857  6119.999
  107     0.482     0.330     0.188  6567.434  2683.713  4109.557
  108     0.632     0.122     0.246  6189.714  1995.315  2343.638
  109     0.555     0.237     0.208  6581.284  2446.151  3257.275
  110     0.358     0.355     0.286  7737.111  1520.940  5571.458
  111     0.637     0.176     0.187  6007.788  2695.528  2279.176
  112     0.405     0.521     0.074  4365.121  4026.788  5025.390
  113     0.477     0.445     0.078  4443.044  3979.752  4168.528
  114     0.618     0.342     0.040  3010.251  4428.788  2511.281
  115     0.427     0.180     0.393  7793.299   264.349  4763.479
  116     0.098     0.502     0.401  8700.664   173.765  8650.247
  117     0.406     0.247     0.347  7897.805   807.254  5012.615
  118     0.490     0.123     0.387  7168.712   332.333  4017.885
  119     0.338     0.354     0.308  7917.226  1271.331  5809.640
  120     0.088     0.566     0.346  8384.387   813.656  8760.687
  121     0.148     0.465     0.387  8626.953   335.821  8048.924
  122     0.419     0.457     0.124  5616.527  3435.250  4857.421
  123     0.162     0.586     0.251  7628.003  1932.618  7886.676
  124     0.402     0.368     0.230  7184.026  2183.672  5055.947
  125     0.511     0.175     0.314  7253.570  1198.689  3768.448
  126     0.590     0.227     0.183  6207.556  2744.325  2839.234
  127     0.095     0.582     0.323  8230.004  1093.533  8679.452
  128     0.675     0.107     0.218  5729.161  2329.928  1837.884
  129     0.537     0.150     0.313  7037.372  1208.293  3467.544
  130     0.371     0.480     0.149  6128.911  3140.573  5421.769
  131     0.225     0.445     0.330  8234.965  1004.014  7146.684
  132     0.154     0.445     0.400  8687.737   174.364  7981.039
  133     0.438     0.500     0.063  3990.278  4158.020  4637.461
  134     0.320     0.282     0.398  8347.240   199.509  6023.706
  135     0.624     0.183     0.192  6125.986  2629.706  2433.505
  136     0.348     0.321     0.332  8029.767   986.944  5696.768
  137     0.372     0.331     0.298  7783.283  1389.328  5414.514
  138     0.289     0.461     0.249  7523.733  1957.106  6389.267
  139     0.433     0.335     0.232  7148.347  2158.123  4696.906
  140     0.450     0.195     0.355  7675.619   711.093  4491.493
  141     0.336     0.396     0.268  7637.148  1733.192  5835.406
  142     0.224     0.512     0.263  7712.911  1793.457  7154.182
  143     0.358     0.374     0.269  7603.320  1731.480  5578.051
  144     0.663     0.107     0.230  5841.222  2190.400  1973.904
  145     0.420     0.510     0.070  4243.811  4069.899  4846.879
  146     0.544     0.190     0.266  6964.240  1763.972  3379.784
  147     0.344     0.490     0.166  6426.753  2944.995  5743.553
  148     0.565     0.330     0.104  5025.607  3670.095  3128.508
  149     0.575     0.412     0.013  1592.675  4747.809  3018.706
  150     0.622     0.268     0.110  5044.213  3600.901  2461.573
  151     0.220     0.532     0.247  7559.096  1981.727  7202.519
  152     0.290     0.527     0.182  6720.226  2746.806  6374.775
  153     0.278     0.430     0.292  7904.216  1455.430  6517.820
  154     0.387     0.380     0.233  7235.219  2152.327  5234.795
  155     0.482     0.155     0.363  7408.833   611.752  4117.075
  156     0.404     0.381     0.215  7026.724  2357.646  5038.123
  157     0.207     0.447     0.346  8351.344   818.848  7358.316
  158     0.213     0.566     0.221  7275.450  2288.841  7286.612
  159     0.304     0.412     0.283  7802.538  1558.249  6209.853
  160     0.248     0.509     0.242  7488.479  2040.113  6869.516
  161     0.458     0.207     0.335  7618.041   944.516  4399.119
  162     0.668     0.030     0.302  4088.235  1334.908  1915.859
  163     0.413     0.387     0.200  6836.391  2536.911  4924.859
  164     0.594     0.321     0.085  4520.212  3896.621  2790.189
  165     0.384     0.475     0.141  5977.789  3233.220  5271.761
  166     0.290     0.428     0.282  7809.888  1575.562  6379.730
  167     0.307     0.298     0.396  8383.861   230.675  6181.510
  168     0.458     0.457     0.085  4649.716  3899.532  4398.370
  169     0.327     0.302     0.372  8251.322   516.136  5946.922
  170     0.275     0.540     0.185  6772.683  2712.050  6559.551
  171     0.313     0.533     0.153  6245.147  3088.974  6103.024
  172     0.416     0.441     0.143  5986.925  3209.486  4896.197
  173     0.213     0.497     0.291  7959.605  1471.812  7290.407
  174     0.488     0.286     0.225  6951.985  2239.497  4040.507
  175     0.647     0.170     0.182  5911.903  2749.839  2160.735
  176     0.288     0.432     0.280  7797.814  1596.660  6402.233
  177     0.553     0.269     0.178  6283.734  2796.440  3276.924
  178     0.491     0.413     0.096  4912.709  3769.659  4003.348
  179     0.627     0.337     0.035  2796.056  4484.991  2396.691
  180     0.405     0.316     0.279  7588.207  1602.397  5026.370
  181     0.539     0.259     0.202  6586.611  2511.781  3445.065
  182     0.236     0.537     0.227  7325.039  2225.654  7012.724
  183     0.358     0.336     0.306  7867.084  1287.541  5576.262
  184     0.393     0.518     0.089  4795.773  3853.218  5158.346
  185     0.210     0.422     0.367  8466.789   564.218  7318.478
  186     0.137     0.511     0.351  8435.485   753.572  8180.768
  187     0.297     0.500     0.202  6987.292  2512.176  6290.542
  188     0.492     0.309     0.198  6672.173  2558.035  3994.515
  189     0.646     0.198     0.156  5683.465  3055.085  2176.926
  190     0.165     0.504     0.331  8292.449   993.290  7850.719
  191     0.629     0.249     0.123  5268.574  3449.199  2384.164
  192     0.241     0.514     0.246  7527.485  2002.003  6958.955
  193     0.376     0.486     0.138  5919.610  3273.600  5359.561
  194     0.526     0.281     0.193  6525.584  2623.648  3591.982
  195     0.586     0.393     0.021  2118.696  4649.404  2887.923
  196     0.148     0.479     0.373  8557.286   495.429  8058.505
  197     0.255     0.566     0.179  6690.821  2786.600  6787.358
  198     0.381     0.477     0.142  5987.590  3228.368  5305.384
  199     0.034     0.592     0.375  8205.092   479.305  9402.228
  200     0.570     0.052     0.378  5477.347   439.875  3073.313
  201     0.221     0.430     0.348  8348.120   791.856  7188.825
  202     0.356     0.322     0.322  7961.656  1099.022  5601.205
  203     0.449     0.298     0.253  7285.251  1915.341  4505.607
  204     0.457     0.496     0.046  3373.673  4352.131  4407.255
  205     0.408     0.432     0.160  6279.165  3011.730  4989.712
  206     0.461     0.369     0.170  6365.556  2893.968  4364.042
  207     0.411     0.401     0.188  6685.857  2679.431  4947.772
  208     0.339     0.265     0.396  8272.090   230.522  5796.514
  209     0.406     0.477     0.117  5471.300  3521.773  5009.759
  210     0.676     0.036     0.288  4379.385  1505.609  1823.484
  211     0.469     0.455     0.077  4406.764  3996.674  4272.303
  212     0.536     0.203     0.261  6998.612  1816.115  3479.021
  213     0.357     0.413     0.230  7244.599  2190.993  5588.449
  214     0.456     0.308     0.236  7128.930  2115.959  4424.205
  215     0.508     0.434     0.059  3805.404  4208.159  3811.839
  216     0.361     0.496     0.142  6008.869  3224.036  5535.648
  217     0.648     0.104     0.248  5964.527  1974.220  2154.982
  218     0.626     0.056     0.318  5344.691  1147.442  2413.371
  219     0.610     0.288     0.101  4887.805  3702.766  2601.972
  220     0.417     0.393     0.191  6709.597  2651.310  4881.853
  221     0.381     0.482     0.136  5882.692  3294.167  5299.346
  222     0.570     0.283     0.147  5813.688  3166.481  3075.381
  223     0.652     0.231     0.117  5095.451  3518.529  2109.127
  224     0.614     0.088     0.298  6061.010  1385.770  2551.905
  225     0.668     0.040     0.292  4572.729  1450.182  1920.757
  226     0.688     0.065     0.247  5167.259  1981.658  1684.532
  227     0.577     0.218     0.206  6471.165  2472.719  2996.950
  228     0.282     0.380     0.339  8204.953   904.609  6476.379
  229     0.496     0.393     0.111  5265.185  3589.660  3943.233
  230     0.634     0.085     0.281  5890.935  1580.415  2324.244
  231     0.665     0.059     0.276  5190.674  1645.984  1948.524
  232     0.375     0.404     0.221  7127.077  2293.398  5370.243
  233     0.217     0.435     0.347  8348.097   801.932  7236.750
  234     0.576     0.136     0.288  6704.906  1498.903  3005.324
  235     0.625     0.200     0.175  5974.473  2837.586  2422.006
  236     0.381     0.327     0.292  7725.789  1457.392  5307.048
  237     0.592     0.276     0.132  5512.382  3347.007  2811.560
  238     0.626     0.170     0.204  6182.838  2494.461  2408.470
  239     0.683     0.145     0.172  5584.207  2874.822  1738.370
  240     0.328     0.499     0.173  6545.457  2864.035  5926.972
  241     0.653     0.253     0.094  4624.585  3792.917  2095.275
  242     0.544     0.329     0.127  5531.720  3398.124  3384.552
  243     0.484     0.354     0.162  6211.273  2989.118  4092.784
  244     0.422     0.271     0.307  7695.768  1273.276  4822.121
  245     0.477     0.147     0.377  7400.798   456.191  4174.847
  246     0.269     0.505     0.226  7293.875  2234.338  6626.534
  247     0.438     0.442     0.120  5517.011  3482.639  4632.575
  248     0.319     0.374     0.306  7945.793  1283.880  6031.952
  249     0.337     0.329     0.334  8069.838   955.583  5826.988
  250     0.122     0.545     0.333  8319.118   968.093  8360.204
  251     0.333     0.330     0.337  8089.905   927.200  5867.869
  252     0.558     0.375     0.067  4030.101  4114.629  3211.086
  253     0.451     0.269     0.281  7462.284  1588.448  4483.714
  254     0.466     0.198     0.337  7571.056   928.574  4304.954
  255     0.245     0.377     0.379  8469.601   428.781  6915.164
  256     0.469     0.228     0.303  7488.497  1324.301  4266.910
  257     0.649     0.288     0.063  3819.751  4153.111  2146.213
  258     0.482     0.392     0.125  5577.587  3422.139  4110.250
  259     0.224     0.400     0.376  8490.598   461.730  7157.430
  260     0.465     0.154     0.381  7498.308   408.871  4309.402
  261     0.224     0.540     0.236  7433.164  2119.497  7158.492
  262     0.632     0.211     0.157  5755.067  3046.735  2344.068
  263     0.339     0.396     0.265  7606.811  1769.833  5801.592
  264     0.613     0.311     0.075  4227.236  4011.960  2562.119
  265     0.271     0.378     0.352  8294.678   749.142  6608.742
  266     0.397     0.291     0.312  7795.934  1222.388  5114.136
  267     0.400     0.452     0.148  6082.091  3155.865  5083.726
  268     0.175     0.532     0.293  8001.378  1446.790  7735.056
  269     0.679     0.072     0.249  5356.037  1964.716  1784.084
  270     0.493     0.322     0.185  6512.619  2715.462  3983.169
  271     0.300     0.313     0.386  8374.148   341.059  6255.373
  272     0.286     0.360     0.354  8277.896   720.350  6426.324
  273     0.586     0.336     0.077  4316.097  3989.945  2880.900
  274     0.400     0.207     0.393  7976.937   265.596  5081.444
  275     0.459     0.295     0.245  7197.025  2005.848  4379.933
  276     0.296     0.534     0.170  6520.227  2899.799  6302.921
  277     0.416     0.317     0.267  7474.304  1746.719  4889.271
  278     0.574     0.118     0.308  6626.141  1262.073  3025.600
  279     0.198     0.485     0.317  8170.469  1161.954  7460.518
  280     0.236     0.442     0.322  8172.492  1094.833  7017.990
  281     0.451     0.466     0.082  4585.658  3928.383  4476.314
  282     0.067     0.539     0.395  8612.500   244.167  9015.226
  283     0.544     0.445     0.011  1485.914  4766.346  3380.978
  284     0.591     0.052     0.357  5394.759   682.982  2831.801
  285     0.220     0.413     0.367  8453.869   566.011  7210.628
  286     0.620     0.285     0.095  4730.310  3775.381  2489.412
  287     0.315     0.514     0.171  6524.896  2887.055  6082.578
  288     0.137     0.487     0.376  8575.047   467.621  8181.112
  289     0.686     0.032     0.282  4105.054  1567.094  1706.026
  290     0.579     0.192     0.229  6606.367  2200.612  2963.248
  291     0.497     0.173     0.329  7353.590  1012.058  3936.210
  292     0.641     0.233     0.126  5276.956  3416.477  2231.857
  293     0.629     0.263     0.108  4985.633  3625.746  2380.741
  294     0.302     0.457     0.241  7428.881  2053.501  6235.149
  295     0.292     0.486     0.222  7232.028  2278.634  6351.766
  296     0.300     0.489     0.211  7093.821  2410.095  6262.865
  297     0.471     0.294     0.236  7088.472  2118.318  4246.114
  298     0.381     0.396     0.223  7143.648  2266.880  5304.326
  299     0.450     0.484     0.066  4074.967  4125.901  4487.205
  300     0.239     0.537     0.224  7287.865  2261.703  6975.932
  301     0.455     0.483     0.062  3952.326  4168.176  4431.348
  302     0.266     0.497     0.237  7417.089  2104.713  6662.933
  303     0.110     0.570     0.320  8222.506  1123.267  8508.687
  304     0.294     0.425     0.281  7798.855  1583.671  6328.486
  305     0.327     0.520     0.153  6232.027  3092.222  5945.468
  306     0.511     0.403     0.086  4628.783  3890.539  3769.671
  307     0.651     0.156     0.194  5956.093  2614.812  2121.789
  308     0.476     0.172     0.352  7487.521   749.286  4180.429
  309     0.225     0.434     0.341  8301.587   876.277  7143.834
  310     0.211     0.460     0.329  8241.818  1018.226  7309.548
  311     0.039     0.571     0.390  8380.882   299.661  9336.887
  312     0.586     0.148     0.266  6646.958  1755.904  2889.009
  313     0.434     0.414     0.152  6120.465  3106.135  4685.084
  314     0.429     0.252     0.319  7716.059  1137.766  4737.026
  315     0.561     0.401     0.039  2995.699  4444.046  3184.665
  316     0.596     0.201     0.203  6352.323  2509.849  2763.249
  317     0.342     0.437     0.222  7175.825  2286.288  5770.923
  318     0.105     0.528     0.367  8529.263   564.608  8561.013
  319     0.598     0.122     0.279  6475.224  1604.909  2739.104
  320     0.474     0.139     0.386  7375.454   340.716  4206.294
  321     0.470     0.296     0.234  7074.938  2139.978  4255.307
  322     0.377     0.340     0.283  7673.968  1564.042  5353.728
  323     0.667     0.168     0.165  5656.680  2949.169  1929.874
  324     0.530     0.301     0.170  6231.635  2899.556  3547.827
  325     0.217     0.547     0.236  7441.189  2114.956  7236.183
  326     0.643     0.286     0.071  4057.944  4063.337  2217.753
  327     0.361     0.387     0.252  7454.602  1929.769  5540.095
  328     0.357     0.404     0.239  7345.279  2074.228  5589.256
  329     0.498     0.473     0.029  2552.324  4562.408  3920.198
  330     0.305     0.510     0.185  6747.002  2716.598  6201.897
  331     0.455     0.420     0.125  5605.317  3422.818  4429.793
  332     0.684     0.142     0.175  5597.690  2839.985  1734.990
  333     0.321     0.493     0.186  6748.381  2705.122  6009.061
  334     0.480     0.375     0.145  5950.539  3185.269  4140.432
  335     0.531     0.426     0.043  3187.880  4395.404  3531.446
  336     0.468     0.188     0.344  7554.369   840.764  4273.567
  337     0.218     0.396     0.386  8542.967   348.739  7223.354
  338     0.403     0.214     0.383  7960.636   378.556  5045.170
  339     0.141     0.516     0.343  8383.540   849.153  8135.578
  340     0.165     0.537     0.298  8046.250  1388.350  7853.527
  341     0.197     0.536     0.267  7761.972  1753.589  7473.352
  342     0.257     0.491     0.252  7576.874  1929.131  6768.856
  343     0.451     0.218     0.331  7648.150   993.971  4476.612
  344     0.655     0.101     0.244  5878.381  2018.082  2070.104
  345     0.283     0.518     0.199  6957.170  2549.304  6463.603
  346     0.399     0.412     0.190  6722.660  2660.773  5096.100
  347     0.552     0.241     0.207  6579.988  2460.894  3287.086
  348     0.192     0.438     0.370  8499.624   538.869  7532.833
  349     0.443     0.207     0.350  7717.502   767.147  4573.446
  350     0.495     0.247     0.259  7176.978  1845.859  3963.927
  351     0.328     0.368     0.304  7916.397  1309.785  5933.012
  352     0.335     0.446     0.219  7153.682  2316.656  5845.140
  353     0.449     0.318     0.232  7112.538  2157.921  4500.827
  354     0.550     0.257     0.193  6453.132  2625.028  3308.332
  355     0.452     0.189     0.359  7663.001   658.597  4472.768
  356     0.325     0.498     0.177  6609.055  2816.300  5966.635
  357     0.496     0.435     0.068  4126.101  4097.249  3942.538
  358     0.647     0.127     0.226  6060.341  2229.031  2171.794
  359     0.511     0.209     0.280  7198.399  1596.667  3766.573
  360     0.051     0.555     0.394  8524.378   256.697  9197.387
  361     0.212     0.542     0.246  7549.790  1997.687  7293.771
  362     0.267     0.497     0.236  7403.453  2118.513  6646.486
  363     0.396     0.370     0.234  7234.084  2135.740  5125.865
  364     0.297     0.499     0.205  7016.643  2485.803  6302.252
  365     0.615     0.275     0.111  5068.891  3595.832  2544.822
  366     0.584     0.261     0.154  5887.271  3077.381  2907.092
  367     0.463     0.205     0.333  7586.367   976.310  4341.143
  368     0.533     0.412     0.055  3643.136  4256.407  3507.958
  369     0.082     0.542     0.376  8555.724   457.476  8836.495
  370     0.207     0.542     0.251  7604.830  1938.140  7363.592
  371     0.281     0.545     0.173  6591.562  2852.714  6484.022
  372     0.585     0.191     0.225  6554.207  2250.510  2901.492
  373     0.361     0.279     0.360  8102.463   656.912  5535.437
  374     0.396     0.226     0.378  7995.397   439.229  5126.477
  375     0.569     0.183     0.248  6751.185  1971.267  3085.626
  376     0.147     0.558     0.295  8031.901  1417.775  8068.606
  377     0.349     0.362     0.290  7778.252  1483.505  5687.777
  378     0.021     0.577     0.402  7919.653   152.661  9555.210
  379     0.391     0.318     0.292  7701.813  1458.682  5192.261
  380     0.647     0.114     0.238  6021.306  2090.490  2160.522
  381     0.686     0.037     0.277  4367.964  1631.461  1708.418
  382     0.065     0.590     0.345  8317.860   831.800  9031.400
  383     0.473     0.224     0.303  7467.528  1327.369  4217.404
  384     0.023     0.594     0.383  7924.695   383.498  9530.452
  385     0.650     0.033     0.317  4334.674  1158.247  2129.684
  386     0.624     0.292     0.085  4460.776  3902.479  2442.196
  387     0.494     0.315     0.190  6574.417  2653.017  3968.467
  388     0.648     0.216     0.136  5421.066  3289.517  2155.697
  389     0.534     0.390     0.076  4349.952  3999.137  3501.076
  390     0.496     0.306     0.198  6660.224  2560.738  3946.399
  391     0.208     0.521     0.271  7798.744  1697.953  7347.376
  392     0.554     0.223     0.223  6698.837  2270.203  3261.389
  393     0.514     0.440     0.046  3315.563  4361.264  3733.822
  394     0.449     0.470     0.081  4553.767  3942.279  4506.579
  395     0.197     0.424     0.379  8542.584   424.661  7474.461
  396     0.639     0.264     0.097  4728.186  3755.485  2260.090
  397     0.406     0.408     0.186  6668.005  2701.152  5009.690
  398     0.190     0.578     0.232  7407.641  2164.545  7558.776
  399     0.654     0.036     0.310  4479.453  1242.549  2084.577
  400     0.347     0.418     0.235  7315.645  2125.352  5711.632
  401     0.388     0.266     0.346  7965.206   820.209  5223.502
  402     0.613     0.366     0.022  2121.546  4646.106  2568.452
  403     0.679     0.155     0.166  5583.622  2936.612  1789.078
  404     0.499     0.249     0.252  7119.387  1927.470  3916.884
  405     0.235     0.543     0.223  7282.570  2270.090  7033.892
  406     0.620     0.109     0.271  6235.770  1702.781  2490.034
  407     0.216     0.388     0.396  8591.113   228.174  7255.915
  408     0.466     0.210     0.324  7558.051  1072.421  4305.852
  409     0.653     0.044     0.303  4800.743  1326.865  2090.429
  410     0.373     0.456     0.171  6478.508  2886.802  5398.880
  411     0.579     0.058     0.364  5628.562   610.542  2971.522
  412     0.501     0.329     0.171  6307.577  2886.204  3892.288
  413     0.620     0.061     0.319  5509.452  1137.103  2481.417
  414     0.608     0.101     0.291  6246.606  1466.318  2620.990
  415     0.142     0.509     0.349  8421.237   778.297  8131.285
  416     0.556     0.234     0.210  6593.681  2421.845  3242.183
  417     0.416     0.469     0.115  5428.938  3540.877  4897.552
  418     0.443     0.394     0.162  6270.828  2987.336  4567.752
  419     0.447     0.488     0.065  4068.372  4128.948  4531.050
  420     0.412     0.526     0.062  3964.497  4170.896  4941.960
  421     0.136     0.517     0.347  8411.513   799.868  8199.372
  422     0.186     0.495     0.319  8196.650  1134.510  7609.630
  423     0.380     0.264     0.356  8026.623   695.993  5318.114
  424     0.476     0.218     0.306  7459.884  1294.514  4180.204
  425     0.539     0.393     0.068  4106.907  4092.483  3446.262
  426     0.615     0.267     0.119  5226.884  3499.878  2546.130
  427     0.580     0.181     0.239  6646.888  2078.887  2954.534
  428     0.572     0.231     0.197  6414.045  2578.237  3051.043
  429     0.620     0.110     0.270  6235.479  1710.027  2486.511
  430     0.565     0.279     0.157  5970.701  3051.227  3136.295
  431     0.656     0.111     0.233  5924.590  2146.966  2058.385
  432     0.645     0.230     0.125  5255.765  3423.385  2190.051
  433     0.518     0.210     0.271  7131.476  1698.145  3685.883
  434     0.234     0.474     0.292  7950.630  1457.785  7036.373
  435     0.081     0.588     0.331  8267.482   998.830  8839.336
  436     0.534     0.222     0.244  6924.625  2020.738  3500.839
  437     0.470     0.476     0.054  3650.080  4266.013  4257.127
  438     0.456     0.509     0.035  2885.994  4485.214  4425.914
  439     0.348     0.544     0.108  5299.215  3629.320  5688.847
  440     0.298     0.346     0.356  8263.299   694.910  6285.649
  441     0.225     0.515     0.260  7680.019  1834.122  7149.741
  442     0.494     0.403     0.103  5077.507  3687.999  3966.378
  443     0.531     0.226     0.243  6933.373  2031.360  3537.304
  444     0.323     0.311     0.366  8241.850   579.595  5986.636
  445     0.386     0.284     0.329  7909.963  1013.058  5240.562
  446     0.430     0.381     0.189  6664.486  2675.155  4723.562
  447     0.589     0.179     0.232  6565.212  2162.185  2856.145
  448     0.529     0.376     0.095  4850.955  3780.966  3555.365
  449     0.069     0.594     0.338  8282.665   916.194  8990.771
  450     0.522     0.192     0.286  7155.652  1521.609  3644.964
  451     0.444     0.204     0.351  7709.897   754.573  4557.152
  452     0.326     0.288     0.386  8298.858   343.928  5959.282
  453     0.163     0.586     0.251  7622.762  1938.490  7879.928
  454     0.490     0.386     0.124  5551.732  3432.300  4021.678
  455     0.494     0.363     0.143  5889.520  3213.491  3970.776
  456     0.484     0.309     0.207  6781.623  2459.926  4092.419
  457     0.571     0.070     0.359  5984.713   669.220  3057.470
  458     0.375     0.451     0.174  6534.439  2841.581  5379.533
  459     0.419     0.316     0.266  7458.841  1762.722  4862.187
  460     0.482     0.315     0.203  6749.376  2500.951  4119.237
  461     0.236     0.386     0.378  8480.139   438.716  7012.914
  462     0.295     0.374     0.331  8141.364   989.811  6321.757
  463     0.645     0.151     0.204  6040.195  2495.845  2184.584
  464     0.462     0.231     0.307  7533.014  1276.048  4345.579
  465     0.188     0.410     0.402  8655.140   161.265  7578.184
  466     0.665     0.095     0.239  5751.649  2074.838  1952.084
  467     0.518     0.344     0.138  5765.181  3273.011  3683.826
  468     0.343     0.376     0.281  7724.994  1584.834  5748.738
  469     0.605     0.354     0.041  3048.944  4420.773  2658.698
  470     0.545     0.347     0.108  5140.806  3624.379  3368.863
  471     0.138     0.567     0.295  8028.726  1424.193  8173.204
  472     0.510     0.294     0.196  6603.471  2586.524  3787.475
  473     0.302     0.562     0.137  5945.023  3286.206  6242.041
  474     0.355     0.284     0.361  8129.642   638.772  5614.189
  475     0.275     0.444     0.281  7822.093  1583.418  6552.620
  476     0.455     0.190     0.355  7639.635   713.897  4427.767
  477     0.624     0.183     0.194  6137.483  2616.146  2440.445
  478     0.345     0.460     0.194  6838.083  2609.447  5724.349
  479     0.183     0.526     0.291  7986.463  1462.375  7645.086
  480     0.564     0.089     0.347  6381.591   802.619  3147.664
  481     0.305     0.332     0.363  8275.957   617.317  6202.169
  482     0.362     0.332     0.306  7856.905  1288.110  5524.676
  483     0.416     0.270     0.314  7747.752  1193.390  4896.601
  484     0.590     0.400     0.010  1345.577  4785.880  2836.168
  485     0.253     0.513     0.234  7392.582  2142.266  6812.848
  486     0.248     0.418     0.334  8231.191   956.555  6872.509
  487     0.442     0.218     0.340  7713.523   885.876  4588.306
  488     0.313     0.459     0.229  7286.474  2200.971  6110.691
  489     0.615     0.112     0.273  6282.631  1678.708  2539.236
  490     0.574     0.339     0.087  4601.403  3872.343  3028.968
  491     0.109     0.517     0.374  8568.322   486.547  8516.659
  492     0.379     0.418     0.203  6915.183  2504.081  5323.438
  493     0.580     0.328     0.092  4707.730  3818.858  2956.456
  494     0.405     0.322     0.273  7542.165  1678.939  5020.504
  495     0.508     0.361     0.131  5657.093  3353.813  3811.205
  496     0.653     0.142     0.205  5979.621  2484.119  2097.356
  497     0.372     0.449     0.179  6610.719  2782.201  5414.723
  498     0.219     0.556     0.225  7317.490  2243.678  7219.056
  499     0.497     0.180     0.323  7356.325  1091.520  3934.939
  500     0.402     0.470     0.129  5725.968  3379.567  5062.120
  501     0.550     0.310     0.141  5754.318  3242.092  3311.021
  502     0.171     0.515     0.314  8167.220  1198.181  7784.245
  503     0.684     0.155     0.161  5509.300  2997.838  1730.593
  504     0.534     0.191     0.274  7048.254  1663.865  3495.073
  505     0.568     0.096     0.336  6453.417   938.648  3093.933
  506     0.342     0.511     0.148  6122.504  3159.157  5771.035
  507     0.418     0.367     0.215  6995.975  2365.729  4865.586
  508     0.592     0.344     0.065  3942.495  4134.831  2820.364
  509     0.482     0.194     0.324  7457.843  1081.103  4110.095
  510     0.249     0.514     0.236  7422.344  2113.002  6858.944
  511     0.520     0.174     0.306  7187.903  1285.094  3664.582
  512     0.440     0.346     0.214  6950.302  2373.776  4608.407
  513     0.250     0.438     0.311  8080.518  1225.604  6849.587
  514     0.263     0.460     0.278  7806.233  1625.458  6701.219
  515     0.330     0.475     0.195  6859.210  2602.933  5901.223
  516     0.452     0.233     0.314  7600.937  1192.025  4461.928
  517     0.243     0.559     0.198  6960.854  2567.617  6927.933
  518     0.306     0.311     0.383  8348.906   380.130  6193.191
  519     0.536     0.252     0.212  6681.700  2400.372  3472.757
  520     0.444     0.427     0.129  5695.318  3376.045  4565.583
  521     0.277     0.471     0.252  7562.990  1924.448  6536.564
  522     0.231     0.392     0.376  8479.557   460.504  7069.793
  523     0.094     0.578     0.328  8269.056  1027.825  8689.112
  524     0.507     0.162     0.330  7267.749  1000.968  3814.744
  525     0.350     0.397     0.253  7479.177  1919.393  5670.114
  526     0.611     0.038     0.350  4772.212   767.127  2587.539
  527     0.323     0.479     0.198  6913.445  2560.291  5990.369
  528     0.619     0.194     0.187  6120.912  2687.916  2502.195
  529     0.503     0.144     0.353  7234.717   730.202  3865.707
  530     0.514     0.323     0.163  6169.878  2979.215  3730.760
  531     0.618     0.127     0.255  6327.642  1895.785  2505.048
  532     0.419     0.369     0.212  6964.614  2398.394  4859.670
  533     0.469     0.228     0.303  7487.624  1326.444  4266.215
  534     0.331     0.492     0.177  6617.583  2806.023  5899.292
  535     0.592     0.260     0.149  5785.818  3144.239  2821.175
  536     0.557     0.133     0.310  6835.128  1247.895  3227.717
  537     0.244     0.555     0.201  7010.061  2523.932  6924.965
  538     0.630     0.289     0.081  4360.718  3943.150  2370.031
  539     0.192     0.533     0.275  7836.831  1660.685  7533.696
  540     0.474     0.211     0.315  7495.349  1178.819  4207.469
  541     0.454     0.153     0.393  7555.681   262.873  4444.156
  542     0.211     0.408     0.381  8532.156   404.213  7308.170
  543     0.239     0.431     0.330  8213.820  1011.366  6975.153
  544     0.549     0.208     0.243  6847.992  2027.572  3323.336
  545     0.622     0.058     0.320  5425.645  1126.177  2459.736
  546     0.578     0.194     0.229  6617.813  2199.950  2986.099
  547     0.343     0.498     0.159  6319.238  3023.424  5748.286
  548     0.496     0.405     0.098  4970.657  3739.761  3945.433
  549     0.128     0.473     0.399  8697.106   191.483  8296.082
  550     0.505     0.385     0.110  5234.549  3600.772  3837.748
  551     0.689     0.104     0.206  5568.003  2464.031  1667.253
  552     0.449     0.402     0.149  6057.292  3138.226  4505.205
  553     0.333     0.456     0.211  7066.109  2407.857  5877.409
  554     0.362     0.341     0.297  7800.971  1394.875  5524.524
  555     0.562     0.155     0.283  6849.506  1565.890  3165.775
  556     0.516     0.248     0.235  6939.950  2124.190  3706.946
  557     0.370     0.329     0.300  7804.119  1355.578  5430.735
  558     0.465     0.254     0.281  7415.266  1581.613  4318.542
  559     0.588     0.378     0.035  2811.405  4488.514  2867.303
  560     0.367     0.436     0.197  6859.235  2570.336  5470.560
  561     0.342     0.270     0.388  8247.060   324.050  5767.958
  562     0.497     0.486     0.017  1920.908  4693.935  3939.880
  563     0.280     0.459     0.261  7641.184  1822.306  6494.883
  564     0.203     0.545     0.252  7614.189  1929.284  7401.535
  565     0.133     0.559     0.308  8133.796  1269.436  8228.000
  566     0.639     0.225     0.135  5436.164  3302.329  2255.405
  567     0.231     0.390     0.378  8489.339   435.690  7070.617
  568     0.385     0.221     0.394  8059.837   252.425  5253.029
  569     0.576     0.142     0.282  6721.834  1570.732  3006.252
  570     0.096     0.510     0.394  8665.560   254.813  8666.369
  571     0.190     0.435     0.375  8528.526   478.093  7558.510
  572     0.349     0.288     0.363  8155.022   614.047  5681.798
  573     0.153     0.560     0.288  7968.115  1505.918  7997.977
  574     0.327     0.325     0.349  8161.769   786.221  5946.497
  575     0.364     0.258     0.378  8143.239   438.048  5511.326
  576     0.496     0.403     0.102  5049.283  3701.369  3949.279
  577     0.408     0.511     0.081  4566.342  3946.631  4989.083
  578     0.528     0.336     0.136  5719.360  3293.378  3571.067
  579     0.533     0.407     0.060  3832.610  4192.987  3513.934
  580     0.274     0.401     0.325  8136.074  1067.930  6565.116
  581     0.215     0.538     0.247  7554.034  1990.978  7260.737
  582     0.289     0.354     0.357  8283.825   688.692  6386.586
  583     0.262     0.530     0.208  7081.503  2448.652  6711.298
  584     0.476     0.496     0.028  2538.184  4567.375  4183.907
  585     0.563     0.334     0.103  4996.292  3687.430  3158.520
  586     0.409     0.301     0.289  7640.172  1483.987  4972.340
  587     0.248     0.402     0.350  8323.200   769.125  6879.951
  588     0.411     0.470     0.118  5497.978  3505.083  4946.390
  589     0.276     0.436     0.288  7874.015  1505.496  6542.963
  590     0.575     0.297     0.128  5486.156  3389.931  3012.311
  591     0.501     0.168     0.331  7321.449   997.878  3890.630
  592     0.261     0.407     0.332  8202.201   977.961  6721.260
  593     0.539     0.452     0.009  1324.538  4790.744  3439.798
  594     0.195     0.579     0.226  7336.106  2236.066  7498.622
  595     0.547     0.373     0.079  4422.903  3963.777  3343.865
  596     0.624     0.143     0.233  6287.202  2150.106  2434.797
  597     0.641     0.188     0.171  5858.563  2882.052  2235.985
  598     0.115     0.585     0.299  8064.277  1369.005  8439.350
  599     0.069     0.545     0.387  8578.380   337.724  8990.475
  600     0.572     0.135     0.293  6731.845  1436.839  3053.129
  601     0.098     0.523     0.379  8587.617   433.542  8639.379
  602     0.241     0.461     0.298  7992.364  1383.855  6952.203
  603     0.240     0.361     0.400  8562.433   185.316  6973.438
  604     0.622     0.295     0.084  4439.831  3913.458  2462.819
  605     0.361     0.283     0.356  8091.532   699.655  5538.307
  606     0.529     0.384     0.088  4665.876  3866.750  3562.958
  607     0.517     0.397     0.086  4647.326  3880.080  3701.700
  608     0.372     0.292     0.336  7982.105   934.657  5408.502
  609     0.198     0.471     0.331  8269.290   990.793  7462.204
  610     0.507     0.191     0.302  7276.013  1333.591  3817.636
  611     0.303     0.304     0.392  8384.516   270.218  6221.377
  612     0.638     0.038     0.324  4630.573  1079.198  2268.601
  613     0.133     0.470     0.397  8683.257   220.457  8230.399
  614     0.685     0.133     0.182  5611.959  2757.434  1714.929
  615     0.273     0.380     0.347  8267.785   801.130  6581.708
  616     0.130     0.504     0.366  8524.044   580.743  8263.981
  617     0.431     0.387     0.182  6578.890  2750.473  4716.865
  618     0.556     0.431     0.012  1562.105  4753.697  3235.891
  619     0.595     0.343     0.062  3842.235  4170.104  2778.410
  620     0.649     0.253     0.098  4716.173  3749.095  2139.296
  621     0.302     0.355     0.344  8194.723   844.249  6242.398
  622     0.409     0.393     0.198  6815.218  2562.495  4970.136
  623     0.292     0.515     0.193  6866.578  2623.445  6358.144
  624     0.197     0.413     0.390  8595.237   292.280  7476.305
  625     0.545     0.269     0.186  6396.482  2705.514  3373.760
  626     0.488     0.170     0.341  7408.274   872.810  4039.155
  627     0.180     0.419     0.402  8667.717   157.736  7682.699
  628     0.614     0.347     0.039  2985.590  4436.519  2553.400
  629     0.429     0.335     0.236  7188.453  2116.756  4739.974
  630     0.597     0.061     0.342  5628.017   861.390  2756.099
  631     0.464     0.506     0.030  2609.855  4551.668  4321.677
  632     0.277     0.418     0.305  8002.445  1299.796  6532.871
  633     0.343     0.500     0.157  6284.762  3048.232  5758.245
  634     0.507     0.163     0.330  7274.211  1006.530  3822.391
  635     0.432     0.294     0.273  7475.520  1672.858  4699.583
  636     0.226     0.520     0.254  7622.154  1903.600  7138.137
  637     0.421     0.206     0.373  7853.100   502.909  4829.029
  638     0.568     0.373     0.059  3789.609  4198.196  3103.903
  639     0.423     0.289     0.288  7587.697  1507.328  4803.803
  640     0.586     0.151     0.263  6644.689  1798.364  2884.123
  641     0.323     0.343     0.334  8101.925   953.781  5988.737
  642     0.091     0.548     0.361  8481.991   636.107  8726.883
  643     0.174     0.483     0.343  8365.943   849.384  7752.003
  644     0.332     0.475     0.192  6826.203  2630.476  5877.652
  645     0.638     0.297     0.065  3879.508  4136.558  2273.802
  646     0.381     0.489     0.130  5761.656  3367.484  5303.925
  647     0.516     0.464     0.020  2097.033  4659.042  3715.426
  648     0.238     0.573     0.189  6837.637  2674.841  6987.994
  649     0.225     0.558     0.217  7221.595  2336.069  7150.708
  650     0.382     0.419     0.200  6869.374  2544.965  5295.243
  651     0.103     0.523     0.374  8565.275   487.595  8584.918
  652     0.413     0.458     0.128  5706.534  3385.440  4922.250
  653     0.629     0.306     0.066  3917.289  4127.006  2379.568
  654     0.345     0.267     0.388  8233.512   327.230  5726.801
  655     0.408     0.500     0.092  4876.756  3813.955  4984.957
  656     0.023     0.593     0.383  7945.099   374.830  9525.901
  657     0.500     0.193     0.307  7327.962  1272.900  3900.762
  658     0.499     0.244     0.256  7142.647  1877.046  3907.617
  659     0.656     0.051     0.293  5026.565  1441.745  2058.641
  660     0.566     0.283     0.151  5879.447  3122.355  3119.926
  661     0.568     0.296     0.136  5642.303  3295.105  3100.385
  662     0.460     0.354     0.187  6592.667  2698.381  4374.333
  663     0.464     0.202     0.334  7580.429   963.003  4327.101
  664     0.483     0.214     0.303  7416.124  1326.392  4097.554
  665     0.356     0.380     0.264  7566.525  1788.185  5596.809
  666     0.556     0.428     0.016  1800.159  4712.950  3242.677
  667     0.359     0.449     0.192  6798.144  2632.822  5561.019
  668     0.213     0.512     0.275  7826.630  1656.192  7282.275
  669     0.222     0.535     0.244  7522.159  2022.791  7185.506
  670     0.563     0.275     0.162  6050.607  2987.661  3159.905
  671     0.545     0.421     0.034  2801.461  4497.340  3375.014
  672     0.639     0.079     0.282  5760.011  1573.962  2256.697
  673     0.216     0.385     0.399  8602.207   194.763  7252.606
  674     0.491     0.426     0.083  4570.782  3922.600  4001.701
  675     0.507     0.465     0.027  2488.747  4576.247  3816.576
  676     0.375     0.275     0.350  8025.020   773.235  5378.528
  677     0.631     0.178     0.191  6076.890  2643.195  2352.723
  678     0.548     0.355     0.097  4890.423  3751.192  3334.553
  679     0.366     0.281     0.352  8062.622   743.023  5479.468
  680     0.392     0.477     0.131  5782.778  3350.252  5178.033
  681     0.097     0.522     0.381  8602.583   398.625  8656.255
  682     0.476     0.331     0.193  6637.556  2627.041  4179.545
  683     0.164     0.521     0.316  8185.560  1174.778  7870.308
  684     0.619     0.112     0.269  6253.863  1720.249  2497.096
  685     0.282     0.398     0.320  8094.826  1124.240  6476.776
  686     0.185     0.541     0.274  7836.521  1666.323  7621.437
  687     0.496     0.402     0.102  5059.710  3695.979  3944.505
  688     0.210     0.477     0.313  8134.178  1206.150  7327.661
  689     0.597     0.397     0.006  1017.261  4829.960  2750.847
  690     0.558     0.315     0.127  5492.642  3406.791  3212.231
  691     0.321     0.495     0.184  6713.776  2734.018  6011.154
  692     0.588     0.056     0.356  5530.710   697.065  2863.146
  693     0.357     0.402     0.241  7362.605  2053.824  5592.666
  694     0.547     0.187     0.266  6950.467  1757.290  3351.085
  695     0.533     0.306     0.161  6100.644  3004.949  3511.064
  696     0.361     0.362     0.277  7662.143  1633.460  5538.182
  697     0.277     0.524     0.199  6963.073  2547.619  6532.263
  698     0.602     0.320     0.078  4323.791  3977.944  2695.187
  699     0.394     0.282     0.324  7861.665  1079.907  5151.476
  700     0.667     0.042     0.292  4650.136  1457.189  1934.849
  701     0.552     0.203     0.245  6839.155  2008.640  3286.146
  702     0.310     0.410     0.279  7761.768  1606.486  6137.963
  703     0.459     0.405     0.135  5798.801  3302.157  4381.145
  704     0.415     0.382     0.203  6869.323  2502.206  4905.244
  705     0.375     0.354     0.271  7592.841  1701.922  5381.375
  706     0.292     0.354     0.354  8266.794   719.109  6358.475
  707     0.613     0.371     0.015  1742.301  4719.583  2562.642
  708     0.183     0.544     0.273  7824.593  1682.933  7640.635
  709     0.238     0.505     0.258  7651.269  1857.794  6997.398
  710     0.533     0.439     0.028  2516.060  4567.688  3507.781
  711     0.173     0.441     0.386  8600.072   350.654  7758.117
  712     0.557     0.305     0.138  5699.649  3270.644  3227.638
  713     0.496     0.370     0.133  5714.131  3327.287  3943.131
  714     0.655     0.174     0.171  5777.048  2885.678  2072.905
  715     0.623     0.189     0.188  6103.317  2677.387  2448.378
  716     0.599     0.031     0.370  4441.461   537.216  2731.046
  717     0.264     0.519     0.217  7189.254  2343.845  6684.034
  718     0.036     0.566     0.398  8372.354   200.228  9375.187
  719     0.208     0.470     0.321  8194.486  1106.802  7344.775
  720     0.380     0.337     0.283  7665.900  1566.167  5316.167
  721     0.358     0.375     0.267  7587.177  1753.499  5571.086
  722     0.656     0.195     0.149  5556.155  3139.429  2065.756
  723     0.298     0.551     0.151  6208.718  3119.340  6280.230
  724     0.316     0.560     0.124  5688.383  3431.864  6071.503
  725     0.664     0.217     0.119  5082.193  3500.045  1965.983
  726     0.413     0.400     0.187  6665.790  2694.998  4924.614
  727     0.544     0.412     0.044  3228.105  4381.727  3379.026
  728     0.264     0.391     0.345  8272.203   825.099  6689.354
  729     0.424     0.289     0.287  7584.535  1512.337  4801.070
  730     0.382     0.283     0.334  7942.316   957.025  5288.041
  731     0.599     0.317     0.085  4507.230  3899.604  2738.436
  732     0.548     0.447     0.005   922.342  4842.063  3331.128
  733     0.547     0.073     0.379  6178.326   425.878  3342.301
  734     0.143     0.500     0.357  8466.971   688.230  8113.298
  735     0.241     0.411     0.348  8319.151   798.179  6957.082
  736     0.496     0.463     0.041  3126.253  4417.629  3952.070
  737     0.489     0.178     0.333  7415.494   969.869  4036.490
  738     0.223     0.411     0.366  8444.936   576.349  7172.457
  739     0.083     0.580     0.336  8309.991   932.504  8816.038
  740     0.050     0.548     0.402  8559.780   158.365  9207.476
  741     0.565     0.252     0.182  6292.530  2747.911  3128.962
  742     0.593     0.069     0.338  5859.090   909.047  2808.029
  743     0.165     0.587     0.247  7584.292  1981.570  7849.628
  744     0.632     0.258     0.110  5026.012  3598.099  2349.294
  745     0.222     0.487     0.291  7955.949  1465.796  7178.142
  746     0.658     0.245     0.097  4688.962  3752.091  2037.504
  747     0.169     0.466     0.365  8496.833   593.810  7806.092
  748     0.484     0.266     0.250  7162.442  1946.165  4095.492
  749     0.428     0.319     0.252  7331.233  1922.885  4746.365
  750     0.520     0.162     0.318  7177.449  1149.136  3662.095
  751     0.269     0.426     0.304  8007.073  1308.762  6622.410
  752     0.353     0.354     0.294  7801.010  1431.360  5641.081
  753     0.104     0.576     0.321  8222.400  1117.885  8578.198
  754     0.188     0.494     0.318  8184.278  1152.193  7581.224
  755     0.619     0.152     0.230  6333.875  2187.648  2501.213
  756     0.550     0.201     0.249  6872.291  1956.959  3314.615
  757     0.205     0.562     0.233  7412.771  2152.130  7379.940
  758     0.576     0.272     0.151  5865.162  3113.278  2999.454
  759     0.562     0.188     0.250  6801.268  1952.560  3168.569
  760     0.551     0.141     0.308  6905.527  1268.242  3295.910
  761     0.451     0.248     0.301  7562.052  1342.957  4480.916
  762     0.255     0.378     0.367  8395.670   572.776  6792.833
  763     0.566     0.417     0.016  1825.636  4707.714  3119.592
  764     0.639     0.308     0.053  3485.061  4276.554  2258.040
  765     0.509     0.211     0.280  7212.374  1591.327  3794.042
  766     0.447     0.228     0.324  7653.136  1073.186  4522.383
  767     0.356     0.275     0.368  8147.040   552.828  5598.125
  768     0.169     0.516     0.316  8181.420  1177.043  7807.701
  769     0.588     0.167     0.245  6608.727  2013.418  2861.625
  770     0.390     0.286     0.324  7877.702  1071.548  5199.417
  771     0.356     0.514     0.130  5777.777  3367.803  5598.394
  772     0.532     0.239     0.229  6833.448  2199.364  3520.621
  773     0.073     0.590     0.337  8292.230   924.899  8934.006
  774     0.293     0.495     0.213  7122.500  2388.071  6348.381
  775     0.404     0.320     0.276  7565.938  1644.347  5036.243
  776     0.652     0.104     0.243  5924.623  2027.497  2101.515
  777     0.151     0.446     0.404  8705.284   136.388  8024.492
  778     0.201     0.460     0.339  8312.828   904.613  7423.723
  779     0.620     0.051     0.330  5212.782  1011.335  2487.188
  780     0.652     0.006     0.343  1906.551   858.151  2108.614
  781     0.176     0.511     0.312  8153.105  1215.679  7719.104
  782     0.622     0.309     0.069  4031.970  4086.359  2463.345
  783     0.534     0.367     0.099  4944.272  3732.917  3497.087
  784     0.147     0.525     0.328  8283.046  1024.511  8072.252
  785     0.379     0.478     0.143  6019.559  3208.803  5330.303
  786     0.455     0.169     0.376  7611.516   463.634  4435.594
  787     0.451     0.243     0.306  7579.743  1287.467  4478.942
  788     0.315     0.528     0.157  6296.565  3052.888  6082.661
  789     0.465     0.457     0.078  4440.111  3984.163  4309.059
  790     0.371     0.453     0.176  6563.360  2821.659  5428.925
  791     0.474     0.298     0.228  7014.808  2208.182  4212.883
  792     0.065     0.591     0.344  8313.227   837.589  9035.645
  793     0.532     0.131     0.337  6988.360   929.123  3519.299
  794     0.516     0.332     0.151  5992.174  3115.021  3709.188
  795     0.239     0.407     0.355  8360.927   715.243  6984.721
  796     0.155     0.554     0.290  7989.188  1475.465  7967.607
  797     0.510     0.337     0.152  6016.812  3104.224  3778.185
  798     0.363     0.446     0.192  6787.170  2639.335  5519.215
  799     0.280     0.352     0.368  8350.848   563.350  6495.046
  800     0.135     0.485     0.380  8598.465   417.623  8207.015
  801     0.402     0.205     0.392  7961.941   273.542  5051.684
  802     0.071     0.596     0.333  8261.631   965.041  8963.735
  803     0.479     0.219     0.301  7434.107  1342.838  4147.399
  804     0.307     0.488     0.206  7024.047  2471.212  6183.206
  805     0.475     0.375     0.150  6037.532  3128.499  4193.666
  806     0.485     0.285     0.230  6995.324  2191.670  4073.983
  807     0.466     0.348     0.186  6570.936  2707.922  4296.363
  808     0.396     0.405     0.200  6853.176  2543.849  5131.644
  809     0.682     0.174     0.144  5355.784  3202.231  1749.404
  810     0.406     0.208     0.385  7940.634   356.201  5004.747
  811     0.532     0.396     0.072  4218.618  4052.006  3527.167
  812     0.337     0.368     0.295  7838.956  1416.063  5822.197
  813     0.435     0.424     0.141  5930.932  3233.894  4670.549
  814     0.401     0.329     0.269  7524.265  1722.259  5065.444
  815     0.438     0.418     0.144  5980.019  3199.578  4638.304
  816     0.677     0.049     0.274  4857.558  1666.049  1815.992
  817     0.017     0.579     0.403  7699.722   139.616  9597.696
  818     0.612     0.369     0.019  1965.744  4677.689  2577.554
  819     0.591     0.388     0.021  2090.221  4654.763  2828.031
  820     0.646     0.217     0.137  5434.395  3283.144  2172.825
  821     0.539     0.186     0.275  7022.609  1653.362  3443.656
  822     0.525     0.450     0.025  2355.174  4604.548  3607.756
  823     0.102     0.544     0.354  8445.792   726.162  8591.629
  824     0.595     0.102     0.303  6354.261  1323.194  2780.574
  825     0.473     0.339     0.188  6583.070  2685.486  4218.088
  826     0.681     0.074     0.245  5378.263  2010.597  1764.739
  827     0.652     0.180     0.168  5768.222  2920.675  2106.924
  828     0.175     0.562     0.263  7739.864  1794.488  7734.517
  829     0.554     0.444     0.002   567.743  4875.807  3268.712
  830     0.381     0.244     0.375  8062.491   475.194  5301.506
  831     0.283     0.357     0.360  8309.632   654.865  6458.694
  832     0.618     0.322     0.061  3783.613  4182.090  2514.483
  833     0.467     0.454     0.078  4457.974  3976.452  4285.897
  834     0.396     0.265     0.339  7912.165   901.032  5125.393
  835     0.687     0.056     0.257  4975.142  1862.834  1696.671
  836     0.486     0.205     0.308  7412.178  1262.691  4062.417
  837     0.591     0.219     0.190  6274.386  2657.753  2827.770
  838     0.008     0.593     0.399  6521.937   196.965  9704.375
  839     0.408     0.282     0.310  7754.175  1243.458  4987.962
  840     0.394     0.528     0.078  4486.677  3981.390  5154.448
  841     0.588     0.322     0.089  4641.604  3844.414  2857.357
  842     0.198     0.419     0.383  8559.622   379.385  7461.915
  843     0.555     0.120     0.324  6772.945  1071.828  3249.463
  844     0.422     0.268     0.310  7706.646  1244.054  4821.231
  845     0.599     0.301     0.100  4878.681  3718.168  2728.909
  846     0.047     0.562     0.391  8474.264   286.799  9248.546
  847     0.193     0.430     0.377  8536.015   452.839  7525.062
  848     0.298     0.327     0.375  8341.752   473.973  6287.659
  849     0.515     0.181     0.304  7224.251  1316.519  3724.558
  850     0.602     0.217     0.182  6150.611  2755.422  2702.896
  851     0.287     0.453     0.260  7625.544  1832.718  6410.668
  852     0.583     0.097     0.320  6376.002  1119.566  2922.803
  853     0.452     0.418     0.131  5718.329  3357.254  4470.622
  854     0.577     0.109     0.314  6546.300  1194.129  2997.255
  855     0.520     0.391     0.089  4720.676  3846.049  3666.972
  856     0.638     0.048     0.313  5048.581  1200.782  2272.160
  857     0.467     0.164     0.368  7524.592   553.978  4286.701
  858     0.604     0.177     0.219  6412.053  2310.073  2677.690
  859     0.328     0.349     0.323  8028.537  1089.236  5924.964
  860     0.475     0.286     0.240  7108.502  2073.859  4199.412
  861     0.214     0.462     0.323  8200.728  1085.772  7272.438
  862     0.484     0.359     0.157  6133.443  3048.368  4086.037
  863     0.666     0.088     0.246  5678.223  1994.763  1944.521
  864     0.636     0.060     0.304  5403.405  1316.616  2294.043
  865     0.561     0.206     0.233  6732.443  2148.069  3183.654
  866     0.311     0.333     0.357  8236.363   690.368  6136.317
  867     0.565     0.286     0.149  5849.646  3146.983  3128.396
  868     0.377     0.455     0.168  6438.463  2914.881  5352.977
  869     0.179     0.533     0.288  7961.371  1501.079  7692.274
  870     0.557     0.098     0.345  6545.024   828.036  3228.529
  871     0.459     0.199     0.343  7619.458   855.102  4390.411
  872     0.240     0.534     0.226  7310.104  2238.328  6963.529
  873     0.294     0.561     0.145  6111.332  3184.654  6332.854
  874     0.353     0.505     0.142  6018.672  3221.553  5636.145
  875     0.057     0.589     0.354  8336.593   723.936  9130.348
  876     0.183     0.488     0.329  8268.273  1015.061  7641.834
  877     0.641     0.178     0.181  5948.406  2758.646  2239.951
  878     0.631     0.186     0.183  6019.777  2737.685  2356.596
  879     0.008     0.600     0.392  6344.413   272.217  9712.215
  880     0.669     0.027     0.304  3926.051  1314.304  1904.006
  881     0.469     0.336     0.195  6677.334  2601.743  4265.667
  882     0.361     0.320     0.320  7937.446  1127.609  5546.494
  883     0.222     0.497     0.282  7878.487  1577.099  7184.826
  884     0.577     0.417     0.006  1025.889  4829.425  2995.335
  885     0.136     0.561     0.302  8090.083  1334.952  8190.702
  886     0.349     0.315     0.336  8046.476   938.776  5684.049
  887     0.583     0.106     0.311  6467.887  1230.120  2917.450
  888     0.570     0.364     0.066  4004.949  4119.832  3072.508
  889     0.551     0.295     0.154  5967.814  3080.870  3302.023
  890     0.229     0.457     0.314  8123.343  1193.231  7099.980
  891     0.495     0.472     0.032  2743.023  4517.280  3954.949
  892     0.372     0.365     0.263  7533.102  1798.152  5414.549
  893     0.630     0.184     0.187  6053.338  2696.516  2370.017
  894     0.352     0.279     0.369  8164.592   544.709  5651.332
  895     0.569     0.177     0.254  6770.206  1898.787  3087.323
  896     0.455     0.445     0.100  5039.805  3723.596  4432.375
  897     0.463     0.303     0.234  7092.012  2140.890  4336.424
  898     0.540     0.291     0.169  6202.092  2904.363  3426.071
  899     0.284     0.453     0.263  7653.286  1801.323  6448.671
  900     0.335     0.358     0.307  7923.629  1271.783  5849.371
  901     0.565     0.098     0.337  6498.492   924.809  3132.272
  902     0.258     0.530     0.213  7148.576  2387.793  6762.284
  903     0.580     0.410     0.011  1444.362  4771.371  2962.074
  904     0.626     0.255     0.119  5199.250  3499.469  2414.466
  905     0.493     0.449     0.058  3789.114  4216.523  3978.367
  906     0.366     0.331     0.303  7826.408  1329.717  5476.588
  907     0.506     0.205     0.289  7253.393  1495.383  3828.702
  908     0.590     0.268     0.142  5695.126  3219.051  2840.836
  909     0.692     0.094     0.214  5486.194  2376.570  1632.152
  910     0.450     0.486     0.064  4011.812  4148.275  4486.163
  911     0.518     0.396     0.086  4628.292  3887.826  3683.824
  912     0.288     0.509     0.203  7001.905  2505.323  6401.183
  913     0.652     0.109     0.239  5958.401  2080.497  2108.923
  914     0.508     0.293     0.198  6633.152  2558.075  3802.901
  915     0.446     0.229     0.325  7660.271  1067.354  4536.858
  916     0.294     0.510     0.196  6902.704  2590.368  6328.813
  917     0.385     0.504     0.111  5360.670  3587.739  5257.731
  918     0.487     0.401     0.112  5294.826  3578.844  4048.778
  919     0.570     0.354     0.076  4292.235  4007.788  3074.391
  920     0.481     0.432     0.086  4667.993  3884.289  4120.120
  921     0.392     0.348     0.260  7469.817  1834.630  5175.500
  922     0.367     0.461     0.172  6501.380  2873.293  5469.419
  923     0.415     0.288     0.296  7660.862  1404.433  4898.613
  924     0.446     0.162     0.392  7635.585   275.064  4537.411
  925     0.336     0.498     0.165  6427.919  2948.342  5831.850
  926     0.432     0.505     0.062  3974.303  4164.419  4699.988
  927     0.671     0.017     0.312  3184.081  1220.652  1877.406
  928     0.091     0.560     0.349  8403.621   786.271  8721.997
  929     0.527     0.297     0.176  6330.032  2817.674  3587.607
  930     0.164     0.565     0.271  7814.918  1705.416  7866.240
  931     0.539     0.117     0.344  6851.116   839.147  3444.390
  932     0.560     0.261     0.179  6264.385  2793.548  3187.943
  933     0.106     0.532     0.362  8496.344   631.893  8549.174
  934     0.461     0.502     0.037  2977.312  4461.307  4367.003
  935     0.164     0.511     0.325  8251.168  1065.875  7866.715
  936     0.327     0.381     0.292  7836.550  1451.302  5947.368
  937     0.541     0.450     0.008  1246.453  4801.686  3412.917
  938     0.532     0.393     0.075  4327.215  4009.111  3526.936
  939     0.656     0.219     0.125  5213.029  3426.836  2059.220
  940     0.368     0.262     0.370  8106.400   533.656  5454.511
  941     0.355     0.263     0.382  8186.787   386.931  5615.090
  942     0.661     0.031     0.307  4207.051  1271.983  1998.070
  943     0.357     0.538     0.105  5234.485  3659.283  5589.995
  944     0.394     0.397     0.209  6962.363  2438.764  5149.963
  945     0.620     0.056     0.324  5375.851  1072.780  2487.360
  946     0.429     0.520     0.051  3573.883  4295.454  4738.644
  947     0.471     0.419     0.110  5271.191  3600.053  4242.121
  948     0.590     0.321     0.089  4616.337  3854.918  2834.449
  949     0.246     0.533     0.221  7247.329  2298.088  6893.518
  950     0.498     0.284     0.218  6859.675  2325.059  3928.053
  951     0.491     0.474     0.036  2893.375  4480.061  4011.077
  952     0.336     0.448     0.215  7112.536  2357.640  5832.945
  953     0.435     0.222     0.343  7752.564   853.969  4666.806
  954     0.639     0.323     0.037  2881.810  4459.161  2256.115
  955     0.217     0.507     0.276  7832.768  1644.284  7237.376
  956     0.601     0.246     0.153  5813.359  3096.359  2704.375
  957     0.674     0.136     0.190  5740.095  2660.598  1842.690
  958     0.392     0.363     0.246  7349.349  2000.792  5178.727
  959     0.061     0.550     0.389  8560.557   310.769  9079.565
  960     0.190     0.504     0.306  8098.035  1288.493  7556.102
  961     0.336     0.281     0.382  8253.004   388.710  5831.810
  962     0.611     0.372     0.017  1823.576  4704.904  2587.096
  963     0.451     0.356     0.193  6690.185  2620.445  4475.623
  964     0.645     0.204     0.151  5625.394  3119.030  2190.847
  965     0.424     0.396     0.180  6559.543  2775.350  4800.666
  966     0.101     0.520     0.378  8589.220   434.234  8605.971
  967     0.620     0.131     0.249  6320.814  1965.784  2483.969
  968     0.344     0.371     0.284  7749.720  1543.764  5740.701
  969     0.368     0.363     0.269  7592.894  1720.365  5458.375
  970     0.196     0.456     0.348  8377.651   789.554  7490.600
  971     0.520     0.417     0.063  3951.888  4154.518  3666.751
  972     0.634     0.014     0.352  3044.503   741.628  2325.067
  973     0.027     0.572     0.401  8177.145   166.837  9479.514
  974     0.619     0.115     0.267  6274.250  1752.700  2500.870
  975     0.358     0.303     0.339  8034.020   905.606  5575.004
  976     0.647     0.170     0.183  5921.465  2742.519  2170.280
  977     0.493     0.282     0.225  6932.605  2246.816  3982.406
  978     0.639     0.202     0.159  5747.334  3022.134  2259.237
  979     0.454     0.437     0.110  5272.831  3607.281  4445.440
  980     0.597     0.280     0.123  5355.191  3445.196  2760.851
  981     0.200     0.570     0.229  7374.886  2194.138  7438.185
  982     0.477     0.483     0.041  3119.286  4421.769  4175.329
  983     0.501     0.435     0.064  3986.994  4146.610  3887.542
  984     0.479     0.330     0.191  6616.798  2642.839  4151.754
  985     0.434     0.475     0.091  4831.450  3827.221  4682.870
  986     0.466     0.358     0.176  6449.255  2817.647  4307.571
  987     0.388     0.263     0.349  7977.179   777.884  5226.389
  988     0.465     0.491     0.044  3263.714  4382.907  4315.954
  989     0.148     0.473     0.378  8584.113   434.933  8049.984
  990     0.610     0.268     0.122  5302.034  3459.854  2607.379
  991     0.445     0.295     0.260  7349.056  1829.293  4548.843
  992     0.668     0.146     0.186  5784.124  2704.820  1920.145
  993     0.293     0.344     0.363  8304.522   613.665  6342.505
  994     0.305     0.429     0.265  7653.987  1768.097  6198.986
  995     0.240     0.416     0.343  8296.565   847.270  6965.601
  996     0.101     0.522     0.376  8578.202   458.068  8604.498
  997     0.412     0.265     0.323  7795.494  1093.426  4939.583
  998     0.544     0.254     0.202  6562.369  2518.142  3376.897
  999     0.532     0.294     0.173  6277.620  2852.986  3517.525
 1000     0.299     0.527     0.174  6590.833  2844.961  6276.533
