%#LIBRARY    ENDF/B-VIII.0
%#REACTION   O-16(N,TOT),SIG
%#NUCLEUS    O-16
%#EN-MIN     1e-05
%#EN-MAX     1.5e+08
%#E,eV        Sig,b        Interpolation
e      sig
1.10304e-05        51.5752
1.48034e-05        44.5551
1.98669e-05        38.5008
2.66625e-05        33.281
3.57825e-05        28.7827
4.80221e-05        24.9083
6.44482e-05        21.5736
8.64931e-05        18.7064
0.000116078        16.2445
0.000141232        14.8085
0.000159096        13.9954
0.00018954        12.9111
0.000218044        12.0943
0.000254374        11.2873
0.00029885        10.4925
0.000341383        9.90342
0.000409579        9.14995
0.000458155        8.73018
0.000561366        8.03159
0.000678223        7.4615
0.000780217        7.07117
0.000910213        6.69192
0.00109204        6.27918
0.00123017        6.03925
0.00148625        5.70284
0.00177075        5.4214
0.00200871        5.24429
0.00242685        5.01457
0.00295273        4.80557
0.00349329        4.65193
0.00407533        4.53202
0.00482141        4.42003
0.00586616        4.31097
0.0071373        4.21978
0.00868389        4.14391
0.0116543        4.05727
0.0141796        4.00925
0.0181197        3.96089
0.0231534        3.9276
0.0279068        3.9052
0.0374525        3.87473
0.0502633        3.85781
0.0674561        3.84076
0.0905297        3.83097
0.116661        3.81989
0.147823        3.81725
0.198386        3.81297
0.266245        3.80723
0.323938        3.80372
0.434743        3.8032
0.587564        3.80249
0.788543        3.80155
1.05827        3.80029
1.4302        3.79856
1.93295        3.79622
2.38498        3.79534
3.24593        3.79534
4.44862        3.79533
6.0124        3.79533
8.24013        3.79532
11.2147        3.79531
15.1569        3.79531
20.199        3.79529
28.8728        3.79528
41.2694        3.79525
56.5634        3.79522
89.8084        3.79515
150.812        3.79502
408.297        3.79448
740.575        3.79379
1420.62        3.79238
2463.25        3.79021
4146.27        3.7867
10070.5        3.77436
55775.9        3.67917
102814        3.58119
171610        3.461
245055        3.37944
280000        3.3851
320000        3.48934
370000        4.33529
395000        5.97658
410000        8.867
425000        14.446
434000        16.5211
440000        15.6392
455000        10.238
461622        8.45549
470000        6.8429
475000        6.17559
480026        5.65226
500000        4.41782
550000        3.40027
600000        3.04864
650000        2.87369
730047        2.71607
780000        2.6775
820000        2.70038
850000        2.77842
880000        2.96483
910000        3.38958
940000        4.38022
980000        7.30895
1.01e+06        7.83383
1.04e+06        5.78984
1.07e+06        4.30915
1.1e+06        3.52677
1.13e+06        3.09301
1.16e+06        2.83381
1.19e+06        2.67802
1.22e+06        2.61214
1.24e+06        2.64563
1.26e+06        2.8276
1.275e+06        3.22252
1.29e+06        4.23176
1.3e+06        5.51318
1.307e+06        6.43812
1.30996e+06        6.65131
1.31012e+06        6.65873
1.315e+06        6.6484
1.32e+06        6.19775
1.33e+06        4.9181
1.345e+06        3.6194
1.37e+06        2.76986
1.4e+06        2.40745
1.43e+06        2.23598
1.46e+06        2.13006
1.54e+06        1.95838
1.58e+06        1.89812
1.61e+06        1.86645
1.62e+06        1.86627
1.628e+06        1.87791
1.632e+06        1.89856
1.638e+06        1.98503
1.64012e+06        2.0596
1.642e+06        2.1738
1.64391e+06        2.39902
1.64475e+06        2.56933
1.64588e+06        2.92024
1.64606e+06        2.99476
1.6465e+06        3.21087
1.64731e+06        3.80071
1.64788e+06        4.39984
1.648e+06        4.55786
1.64812e+06        4.73898
1.64888e+06        6.05643
1.64988e+06        8.19867
1.65e+06        8.4301
1.65012e+06        8.57598
1.6505e+06        8.8732
1.65103e+06        8.46553
1.65194e+06        6.57448
1.65212e+06        6.18045
1.65269e+06        5.12313
1.65338e+06        4.17879
1.65388e+06        3.6953
1.654e+06        3.59361
1.65412e+06        3.51024
1.65575e+06        2.72758
1.656e+06        2.64355
1.65675e+06        2.47369
1.658e+06        2.27226
1.65994e+06        2.09941
1.66023e+06        2.08174
1.663e+06        1.96328
1.668e+06        1.86873
1.67009e+06        1.84834
1.67994e+06        1.79373
1.68191e+06        1.78733
1.68388e+06        1.78283
1.68406e+06        1.78241
1.68594e+06        1.77818
1.68603e+06        1.77809
1.68684e+06        1.77932
1.68695e+06        1.77949
1.687e+06        1.77957
1.68708e+06        1.78061
1.68778e+06        1.79004
1.68788e+06        1.79131
1.68791e+06        1.79176
1.68794e+06        1.79487
1.68798e+06        1.79805
1.68801e+06        1.80289
1.68805e+06        1.81099
1.68809e+06        1.82055
1.68819e+06        1.848
1.68866e+06        1.98742
1.68871e+06        2.00251
1.68875e+06        2.01343
1.68878e+06        2.023
1.6888e+06        2.03231
1.68881e+06        2.03737
1.68883e+06        2.04661
1.68885e+06        2.05688
1.68887e+06        2.06853
1.68889e+06        2.08199
1.6889e+06        2.09423
1.68892e+06        2.11588
1.68894e+06        2.14059
1.68895e+06        2.16346
1.68897e+06        2.20066
1.68899e+06        2.26109
1.68902e+06        2.37121
1.68905e+06        2.46011
1.68906e+06        2.54308
1.68908e+06        2.62019
1.6891e+06        2.7059
1.68911e+06        2.8012
1.68912e+06        2.90903
1.68914e+06        3.06665
1.68916e+06        3.25117
1.68918e+06        3.51129
1.68922e+06        4.01274
1.68924e+06        4.3948
1.68926e+06        4.73956
1.68928e+06        4.96327
1.6893e+06        5.15775
1.6893e+06        5.2649
1.68932e+06        5.35412
1.68933e+06        5.42202
1.68934e+06        5.44959
1.68935e+06        5.43533
1.68936e+06        5.38253
1.68938e+06        5.30739
1.68938e+06        5.20798
1.6894e+06        5.01967
1.68942e+06        4.79399
1.68943e+06        4.54377
1.68945e+06        4.16762
1.68947e+06        3.84165
1.68949e+06        3.4713
1.68952e+06        3.17611
1.68954e+06        2.8904
1.68957e+06        2.65217
1.68961e+06        2.43598
1.68964e+06        2.30504
1.68972e+06        2.15786
1.68988e+06        1.98643
1.68992e+06        1.93966
1.68995e+06        1.91413
1.68999e+06        1.88752
1.69002e+06        1.87397
1.69005e+06        1.86021
1.69007e+06        1.85402
1.6901e+06        1.84909
1.69016e+06        1.84543
1.69031e+06        1.83656
1.69092e+06        1.81075
1.69099e+06        1.80779
1.69106e+06        1.80486
1.69119e+06        1.79968
1.69198e+06        1.76673
1.69206e+06        1.76587
1.69388e+06        1.75979
1.69405e+06        1.75921
1.696e+06        1.75273
1.698e+06        1.74956
1.70375e+06        1.74048
1.74e+06        1.68324
1.774e+06        1.63143
1.813e+06        1.55138
1.818e+06        1.55649
1.822e+06        1.60474
1.825e+06        1.74039
1.827e+06        1.98061
1.8285e+06        2.36723
1.8295e+06        2.78374
1.8315e+06        4.02238
1.83225e+06        4.44815
1.83322e+06        4.75434
1.83394e+06        4.66719
1.83415e+06        4.60581
1.836e+06        3.84418
1.838e+06        3.14199
1.841e+06        2.57068
1.844e+06        2.29288
1.8475e+06        2.12338
1.851e+06        2.02884
1.853e+06        1.99391
1.859e+06        1.93649
1.867e+06        1.92982
1.873e+06        1.96856
1.88e+06        2.07573
1.885e+06        2.21671
1.89e+06        2.43024
1.898e+06        2.92067
1.904e+06        3.1687
1.91e+06        3.03401
1.919e+06        2.51874
1.924e+06        2.28859
1.93e+06        2.09449
1.94e+06        1.89909
1.955e+06        1.74949
1.975e+06        1.64993
2e+06        1.57966
2.1e+06        1.41646
2.16e+06        1.31608
2.21e+06        1.18855
2.24e+06        1.06514
2.26251e+06        0.926697
2.29e+06        0.679236
2.33e+06        0.206929
2.345e+06        0.110533
2.35939e+06        0.125577
2.37e+06        0.196729
2.3925e+06        0.427032
2.42e+06        0.686019
2.44e+06        0.816988
2.47e+06        0.941343
2.5e+06        1.01146
2.52e+06        1.04031
2.55e+06        1.06668
2.58e+06        1.08133
2.62e+06        1.09114
2.68e+06        1.09298
2.7e+06        1.0925
2.72e+06        1.09202
2.74e+06        1.09154
2.76e+06        1.09107
2.79875e+06        1.09328
2.82e+06        1.09449
2.86e+06        1.10544
2.8845e+06        1.15201
2.88688e+06        1.20619
2.88781e+06        1.29478
2.88802e+06        1.3458
2.8886e+06        1.71767
2.88876e+06        1.86963
2.88888e+06        2.09623
2.88901e+06        2.52295
2.88906e+06        2.64856
2.88911e+06        2.70223
2.88917e+06        2.63974
2.88922e+06        2.44273
2.8893e+06        2.04773
2.88939e+06        1.58613
2.88944e+06        1.3641
2.8895e+06        1.2106
2.88956e+06        1.10577
2.88964e+06        1.04118
2.8898e+06        0.995924
2.89006e+06        0.972955
2.892e+06        1.04591
2.896e+06        1.08323
2.905e+06        1.10321
2.92e+06        1.11741
2.935e+06        1.13161
2.95e+06        1.1458
2.965e+06        1.16309
2.98e+06        1.18411
2.995e+06        1.21264
3.0025e+06        1.24656
3.004e+06        1.26632
3.00562e+06        1.34437
3.006e+06        1.3834
3.00631e+06        1.46934
3.00647e+06        1.52671
3.00658e+06        1.59139
3.0067e+06        1.72281
3.00678e+06        1.84608
3.00685e+06        2.01864
3.0069e+06        2.16306
3.00695e+06        2.32838
3.007e+06        2.49569
3.00702e+06        2.57114
3.00706e+06        2.64686
3.00709e+06        2.70468
3.00713e+06        2.70845
3.00717e+06        2.65333
3.00719e+06        2.6041
3.00721e+06        2.51603
3.00724e+06        2.41202
3.00726e+06        2.30928
3.00729e+06        2.16947
3.00732e+06        2.02759
3.00734e+06        1.9173
3.00736e+06        1.82979
3.00738e+06        1.7212
3.00741e+06        1.62476
3.00743e+06        1.5402
3.00747e+06        1.43988
3.00751e+06        1.3639
3.00756e+06        1.29628
3.00766e+06        1.2384
3.00791e+06        1.16475
3.00805e+06        1.14314
3.00812e+06        1.13995
3.00988e+06        1.18037
3.01016e+06        1.18528
3.04e+06        1.29541
3.06e+06        1.35908
3.09e+06        1.4862
3.12e+06        1.66182
3.15e+06        1.89782
3.18e+06        2.19785
3.201e+06        2.45445
3.204e+06        2.51106
3.206e+06        2.56363
3.20762e+06        2.65024
3.20806e+06        2.68413
3.20888e+06        2.78901
3.20938e+06        2.89268
3.20956e+06        2.95112
3.20988e+06        3.07383
3.21003e+06        3.15268
3.21031e+06        3.34533
3.21047e+06        3.47569
3.21062e+06        3.64994
3.21097e+06        4.12322
3.21112e+06        4.38369
3.21141e+06        4.88404
3.2115e+06        5.00525
3.21162e+06        5.07561
3.21184e+06        5.08965
3.21194e+06        5.06748
3.21203e+06        4.99511
3.21212e+06        4.85576
3.21241e+06        4.3422
3.21256e+06        4.07884
3.21278e+06        3.76839
3.213e+06        3.49053
3.21319e+06        3.33309
3.21344e+06        3.15591
3.21356e+06        3.08791
3.21394e+06        2.94838
3.21412e+06        2.90195
3.21481e+06        2.78749
3.21512e+06        2.75128
3.216e+06        2.69689
3.218e+06        2.66301
3.23e+06        2.75474
3.245e+06        2.90189
3.26e+06        3.03083
3.29e+06        3.19998
3.305e+06        3.23911
3.32e+06        3.25623
3.34e+06        3.24591
3.41e+06        3.13327
3.43e+06        3.10097
3.434e+06        3.10138
3.43578e+06        3.10825
3.43598e+06        3.10969
3.43606e+06        3.11431
3.43775e+06        3.23682
3.43792e+06        3.25554
3.438e+06        3.27166
3.43806e+06        3.29822
3.43811e+06        3.32238
3.43818e+06        3.36319
3.43824e+06        3.41931
3.43829e+06        3.4765
3.43834e+06        3.54245
3.43839e+06        3.62682
3.43844e+06        3.7306
3.43849e+06        3.85693
3.43854e+06        4.00878
3.4386e+06        4.23752
3.4387e+06        4.66845
3.43876e+06        4.9391
3.43881e+06        5.13097
3.43888e+06        5.31659
3.43891e+06        5.38809
3.43898e+06        5.43117
3.43902e+06        5.38913
3.43909e+06        5.26382
3.4392e+06        4.91531
3.43928e+06        4.67317
3.43934e+06        4.49883
3.43939e+06        4.37529
3.43944e+06        4.27331
3.43949e+06        4.18267
3.43955e+06        4.09115
3.43961e+06        4.02289
3.43968e+06        3.96958
3.43975e+06        3.9236
3.43982e+06        3.89079
3.43994e+06        3.86747
3.44002e+06        3.87316
3.44019e+06        3.91823
3.44038e+06        3.99228
3.44048e+06        4.05929
3.44059e+06        4.15618
3.44075e+06        4.36033
3.44094e+06        4.61931
3.44103e+06        4.77518
3.44131e+06        5.31431
3.44141e+06        5.47393
3.44151e+06        5.56301
3.44156e+06        5.55872
3.44169e+06        5.46401
3.44191e+06        5.19097
3.44212e+06        4.8329
3.44247e+06        4.17758
3.44262e+06        3.97567
3.44291e+06        3.71699
3.44309e+06        3.59236
3.44338e+06        3.46945
3.44356e+06        3.40956
3.44425e+06        3.28307
3.445e+06        3.21337
3.448e+06        3.13497
3.46e+06        3.08963
3.5e+06        3.07718
3.54e+06        3.09263
3.59e+06        3.11205
3.63e+06        3.10296
3.636e+06        3.10085
3.63825e+06        3.10018
3.64006e+06        3.09996
3.64047e+06        3.10017
3.64075e+06        3.10057
3.64094e+06        3.10101
3.64103e+06        3.10142
3.64119e+06        3.10248
3.6413e+06        3.10345
3.64136e+06        3.10434
3.64141e+06        3.10542
3.64145e+06        3.10711
3.6415e+06        3.10959
3.64155e+06        3.11316
3.6416e+06        3.11831
3.6417e+06        3.12965
3.64186e+06        3.14748
3.64194e+06        3.15406
3.642e+06        3.15657
3.64204e+06        3.15652
3.64211e+06        3.15372
3.64222e+06        3.14537
3.64242e+06        3.12784
3.64251e+06        3.12187
3.64258e+06        3.11812
3.64269e+06        3.11376
3.64286e+06        3.10811
3.64295e+06        3.10574
3.64302e+06        3.10429
3.64309e+06        3.10335
3.64316e+06        3.10279
3.64338e+06        3.10178
3.64394e+06        3.09951
3.64406e+06        3.09916
3.64588e+06        3.09637
3.648e+06        3.09367
3.68e+06        3.05514
3.71e+06        3.02182
3.73e+06        3.05908
3.751e+06        3.55544
3.755e+06        3.90467
3.761e+06        4.88746
3.765e+06        5.68751
3.769e+06        5.75052
3.774e+06        4.75212
3.779e+06        3.88147
3.782e+06        3.56345
3.785e+06        3.33401
3.791e+06        3.05928
3.799e+06        2.86551
3.83e+06        2.57867
3.85e+06        2.48701
3.87e+06        2.41211
3.9e+06        2.33137
3.93e+06        2.27777
3.955e+06        2.24097
3.975e+06        2.21393
3.99e+06        2.18048
4.02e+06        1.98038
4.05e+06        1.47435
4.07e+06        1.2717
4.095e+06        1.21828
4.11e+06        1.21102
4.12e+06        1.22849
4.15e+06        1.64996
4.18e+06        2.26082
4.19e+06        2.24637
4.22e+06        1.92256
4.24e+06        1.68531
4.26e+06        1.49337
4.28e+06        1.47449
4.29e+06        1.68335
4.305e+06        2.45865
4.315e+06        2.93628
4.33e+06        3.07198
4.345e+06        2.83347
4.36e+06        2.56203
4.38146e+06        2.26437
4.405e+06        2.04545
4.42e+06        1.94761
4.43e+06        1.9014
4.44e+06        1.87536
4.451e+06        1.87246
4.454e+06        1.86908
4.457e+06        1.84778
4.46e+06        1.76091
4.46275e+06        1.59368
4.464e+06        1.50738
4.465e+06        1.44603
4.468e+06        1.34213
4.469e+06        1.3313
4.472e+06        1.33405
4.475e+06        1.35151
4.478e+06        1.3692
4.481e+06        1.38189
4.4845e+06        1.39007
4.4895e+06        1.39422
4.495e+06        1.3901
4.5075e+06        1.3611
4.5155e+06        1.34578
4.5175e+06        1.35371
4.51875e+06        1.36754
4.52e+06        1.39449
4.521e+06        1.43432
4.52188e+06        1.49287
4.52262e+06        1.57309
4.523e+06        1.62031
4.52338e+06        1.69171
4.52406e+06        1.84064
4.52488e+06        2.10786
4.52525e+06        2.26265
4.52619e+06        2.676
4.527e+06        2.97305
4.52725e+06        3.00062
4.52788e+06        3.02118
4.52812e+06        2.99275
4.529e+06        2.78034
4.53019e+06        2.44437
4.531e+06        2.25019
4.53188e+06        2.09278
4.5325e+06        2.00657
4.53325e+06        1.91762
4.5345e+06        1.80941
4.536e+06        1.71709
4.539e+06        1.60828
4.541e+06        1.56209
4.5435e+06        1.52017
4.547e+06        1.47875
4.555e+06        1.42108
4.565e+06        1.37776
4.58e+06        1.34296
4.58575e+06        1.35162
4.58725e+06        1.36103
4.5885e+06        1.37591
4.5895e+06        1.39508
4.591e+06        1.4473
4.592e+06        1.52414
4.59282e+06        1.66086
4.5931e+06        1.72604
4.5934e+06        1.84493
4.5937e+06        2.03651
4.59395e+06        2.28833
4.59418e+06        2.6267
4.5944e+06        3.09049
4.59465e+06        3.64447
4.59478e+06        3.8319
4.59488e+06        3.88684
4.59498e+06        3.84476
4.59508e+06        3.71315
4.59525e+06        3.345
4.59555e+06        2.67341
4.5957e+06        2.41484
4.5959e+06        2.15921
4.5961e+06        1.97783
4.5964e+06        1.80063
4.59685e+06        1.64909
4.59788e+06        1.4991
4.59988e+06        1.38846
4.6005e+06        1.37125
4.60225e+06        1.33568
4.605e+06        1.31
4.608e+06        1.29538
4.613e+06        1.29056
4.6175e+06        1.30495
4.6195e+06        1.3191
4.62188e+06        1.35123
4.62388e+06        1.40171
4.62588e+06        1.49339
4.62638e+06        1.52587
4.62738e+06        1.60869
4.628e+06        1.67612
4.62862e+06        1.75244
4.63038e+06        1.98924
4.63088e+06        2.0349
4.63112e+06        2.05015
4.6315e+06        2.05825
4.63194e+06        2.04395
4.63238e+06        2.00664
4.633e+06        1.92512
4.63438e+06        1.70433
4.63538e+06        1.56825
4.636e+06        1.50029
4.63662e+06        1.44446
4.63762e+06        1.37801
4.63825e+06        1.34742
4.64016e+06        1.27968
4.64516e+06        1.20194
4.6525e+06        1.16188
4.67e+06        1.11525
4.7e+06        1.05597
4.73e+06        1.00167
4.76e+06        0.961995
4.775e+06        0.964889
4.79e+06        1.01703
4.805e+06        1.19683
4.82e+06        1.6178
4.83e+06        1.93052
4.84e+06        2.03635
4.85e+06        1.9279
4.8625e+06        1.70904
4.875e+06        1.52076
4.89e+06        1.35822
4.9e+06        1.27884
4.91e+06        1.2125
4.925e+06        1.13544
4.94e+06        1.07383
4.96e+06        1.01304
4.99e+06        0.973335
5.0125e+06        1.02547
5.04e+06        1.26501
5.0625e+06        1.56143
5.085e+06        1.79986
5.103e+06        2.11947
5.107e+06        2.2853
5.113e+06        2.68698
5.119e+06        3.28162
5.125e+06        3.62171
5.131e+06        3.17836
5.137e+06        2.53786
5.143e+06        2.10724
5.15e+06        1.82073
5.18e+06        1.41111
5.21e+06        1.27717
5.23e+06        1.21962
5.25e+06        1.17649
5.28e+06        1.1204
5.301e+06        1.08404
5.30225e+06        1.08287
5.30312e+06        1.08453
5.30381e+06        1.0878
5.30409e+06        1.09014
5.30462e+06        1.09746
5.30484e+06        1.10156
5.305e+06        1.10548
5.30516e+06        1.11383
5.30566e+06        1.14229
5.30584e+06        1.1558
5.30594e+06        1.16693
5.30603e+06        1.18511
5.30612e+06        1.21085
5.30623e+06        1.24644
5.30675e+06        1.42934
5.30688e+06        1.48129
5.30697e+06        1.53481
5.30706e+06        1.60552
5.30716e+06        1.69538
5.3075e+06        2.06658
5.30778e+06        2.36993
5.30791e+06        2.47369
5.30797e+06        2.49671
5.30805e+06        2.49118
5.30811e+06        2.45649
5.30825e+06        2.32388
5.30878e+06        1.7121
5.30892e+06        1.56736
5.30898e+06        1.51599
5.30905e+06        1.4754
5.30911e+06        1.445
5.30919e+06        1.41814
5.30938e+06        1.37235
5.30988e+06        1.26117
5.31003e+06        1.23481
5.31019e+06        1.21911
5.31081e+06        1.17673
5.31109e+06        1.1616
5.31194e+06        1.13529
5.31225e+06        1.12899
5.31306e+06        1.11551
5.314e+06        1.1053
5.3155e+06        1.09495
5.3195e+06        1.07825
5.33e+06        1.05348
5.35e+06        1.00652
5.355e+06        0.989124
5.36e+06        0.971108
5.36106e+06        0.969776
5.362e+06        0.972129
5.36275e+06        0.977538
5.363e+06        0.980529
5.36381e+06        0.999658
5.36406e+06        1.0077
5.36444e+06        1.02508
5.36475e+06        1.04523
5.36506e+06        1.07094
5.36544e+06        1.11264
5.36575e+06        1.16061
5.36612e+06        1.23681
5.36644e+06        1.3212
5.367e+06        1.52882
5.36738e+06        1.70985
5.36788e+06        1.96361
5.36806e+06        2.04696
5.36831e+06        2.13888
5.36847e+06        2.1847
5.36875e+06        2.22137
5.369e+06        2.22381
5.36912e+06        2.21032
5.36975e+06        2.07179
5.37019e+06        1.94545
5.37062e+06        1.82741
5.371e+06        1.73551
5.37138e+06        1.65878
5.37181e+06        1.58235
5.37206e+06        1.54371
5.3725e+06        1.48643
5.37294e+06        1.43976
5.37338e+06        1.40051
5.37375e+06        1.37235
5.3745e+06        1.3244
5.375e+06        1.29935
5.37812e+06        1.21839
5.38e+06        1.17007
5.38484e+06        1.12264
5.39e+06        1.09538
5.41e+06        1.05225
5.435e+06        1.0337
5.46e+06        1.03079
5.48e+06        1.03769
5.51e+06        1.07264
5.53e+06        1.1195
5.56e+06        1.24877
5.59e+06        1.49002
5.603e+06        1.63566
5.612e+06        1.74278
5.622e+06        1.85347
5.634e+06        1.92189
5.63954e+06        1.91256
5.644e+06        1.88776
5.647e+06        1.86569
5.652e+06        1.82864
5.656e+06        1.80331
5.66e+06        1.78584
5.664e+06        1.78579
5.668e+06        1.82382
5.67012e+06        1.88272
5.67194e+06        1.98328
5.67225e+06        2.01885
5.67388e+06        2.23567
5.67406e+06        2.27561
5.67438e+06        2.37199
5.67594e+06        2.86941
5.67612e+06        2.88586
5.6765e+06        2.86069
5.67788e+06        2.74428
5.67806e+06        2.70594
5.67825e+06        2.64053
5.67981e+06        2.02868
5.68003e+06        1.96205
5.68025e+06        1.92497
5.68188e+06        1.73614
5.68212e+06        1.717
5.684e+06        1.6485
5.688e+06        1.60284
5.694e+06        1.57972
5.705e+06        1.54505
5.725e+06        1.46569
5.755e+06        1.34309
5.77e+06        1.28613
5.78e+06        1.25322
5.795e+06        1.20782
5.815e+06        1.15723
5.83e+06        1.12748
5.85e+06        1.10311
5.865e+06        1.10482
5.875e+06        1.12679
5.88938e+06        1.23743
5.895e+06        1.3379
5.9e+06        1.48918
5.905e+06        1.73398
5.915e+06        2.49461
5.9185e+06        2.60765
5.92116e+06        2.5467
5.93e+06        1.8646
5.93688e+06        1.4702
5.945e+06        1.19668
5.96e+06        0.96
5.966e+06        0.896659
5.972e+06        0.839327
5.978e+06        0.784531
5.982e+06        0.760124
5.986e+06        0.780081
5.989e+06        0.887817
5.99012e+06        0.955392
5.993e+06        1.25166
5.99575e+06        1.55806
5.997e+06        1.63499
5.999e+06        1.68212
6.00175e+06        1.62717
6.006e+06        1.4715
6.01e+06        1.35144
6.014e+06        1.26438
6.021e+06        1.16315
6.03e+06        1.08275
6.04e+06        1.02587
6.046e+06        1.00162
6.052e+06        0.984447
6.057e+06        0.97872
6.06e+06        0.982106
6.0635e+06        1.00285
6.06588e+06        1.0372
6.0675e+06        1.08567
6.06819e+06        1.11541
6.07e+06        1.2392
6.0705e+06        1.2954
6.07112e+06        1.38666
6.0715e+06        1.45616
6.07206e+06        1.58876
6.07238e+06        1.67856
6.07269e+06        1.78394
6.07312e+06        1.95548
6.07362e+06        2.18934
6.0745e+06        2.62618
6.07481e+06        2.74902
6.07512e+06        2.83258
6.07544e+06        2.86229
6.07594e+06        2.78455
6.07625e+06        2.67104
6.07662e+06        2.50243
6.0775e+06        2.07702
6.078e+06        1.87297
6.07838e+06        1.74363
6.07888e+06        1.60488
6.07938e+06        1.4942
6.07975e+06        1.42911
6.08038e+06        1.34266
6.081e+06        1.27993
6.08162e+06        1.23531
6.08212e+06        1.21066
6.084e+06        1.15852
6.08575e+06        1.15964
6.088e+06        1.19552
6.091e+06        1.26736
6.092e+06        1.28878
6.0965e+06        1.30193
6.1e+06        1.25523
6.105e+06        1.17723
6.11e+06        1.11725
6.116e+06        1.06979
6.122e+06        1.0374
6.128e+06        1.01596
6.135e+06        0.999081
6.15e+06        0.979809
6.165e+06        0.970984
6.18e+06        0.964453
6.195e+06        0.955332
6.22e+06        0.940703
6.245e+06        0.932093
6.27217e+06        0.931688
6.275e+06        0.932249
6.29e+06        0.934882
6.305e+06        0.94231
6.315e+06        0.953774
6.32e+06        0.962297
6.33e+06        0.987704
6.336e+06        1.00989
6.3425e+06        1.04127
6.355e+06        1.13051
6.364e+06        1.22724
6.37e+06        1.31123
6.376e+06        1.40772
6.382e+06        1.51449
6.3855e+06        1.57668
6.389e+06        1.63233
6.394e+06        1.68904
6.399e+06        1.69888
6.402e+06        1.68014
6.406e+06        1.62379
6.41e+06        1.53855
6.414e+06        1.43836
6.418e+06        1.33108
6.4235e+06        1.19325
6.43088e+06        1.0395
6.436e+06        0.956895
6.445e+06        0.850124
6.455e+06        0.7765
6.468e+06        0.724028
6.48e+06        0.697736
6.485e+06        0.692503
6.494e+06        0.692149
6.502e+06        0.698057
6.508e+06        0.705371
6.514e+06        0.713278
6.522e+06        0.729019
6.526e+06        0.737228
6.532e+06        0.747429
6.538e+06        0.760317
6.544e+06        0.777079
6.55e+06        0.795774
6.554e+06        0.812882
6.56e+06        0.838505
6.566e+06        0.872072
6.572e+06        0.905282
6.576e+06        0.927192
6.582e+06        0.957629
6.588e+06        0.981881
6.594e+06        1.0031
6.6e+06        1.0228
6.604e+06        1.03205
6.615e+06        1.05283
6.622e+06        1.06042
6.626e+06        1.06237
6.632e+06        1.0644
6.638e+06        1.06418
6.644e+06        1.06501
6.65e+06        1.06637
6.6545e+06        1.07465
6.658e+06        1.08801
6.661e+06        1.10956
6.664e+06        1.14296
6.666e+06        1.17438
6.6685e+06        1.22037
6.671e+06        1.25988
6.673e+06        1.26949
6.675e+06        1.25494
6.677e+06        1.22329
6.681e+06        1.14937
6.684e+06        1.10627
6.687e+06        1.07584
6.69e+06        1.05467
6.6925e+06        1.04173
6.696e+06        1.02912
6.7e+06        1.01855
6.72e+06        1.0202
6.73e+06        1.03834
6.75e+06        1.09096
6.77e+06        1.16671
6.79e+06        1.30052
6.81e+06        1.61288
6.825e+06        1.54843
6.84e+06        1.16136
6.86e+06        0.977265
6.88e+06        0.892611
6.91e+06        0.848484
6.93e+06        0.83886
6.97e+06        0.85357
6.98e+06        0.867965
7.01e+06        0.933653
7.03e+06        0.976009
7.06e+06        1.02792
7.075e+06        1.01716
7.1125e+06        1.009
7.125e+06        1.01626
7.145e+06        1.03677
7.165e+06        1.10316
7.18e+06        1.2761
7.19125e+06        1.53999
7.205e+06        1.74348
7.225e+06        1.51751
7.24e+06        1.3817
7.26e+06        1.29391
7.275e+06        1.27575
7.3e+06        1.27656
7.32e+06        1.33486
7.34e+06        1.35127
7.36e+06        1.28016
7.375e+06        1.23739
7.41e+06        1.24455
7.43e+06        1.21564
7.475e+06        1.15334
7.5e+06        1.11931
7.525e+06        1.12919
7.55e+06        1.12557
7.57e+06        1.11884
7.58e+06        1.11332
7.61e+06        1.11374
7.625e+06        1.13172
7.67e+06        1.20483
7.69e+06        1.23918
7.725e+06        1.29927
7.75e+06        1.34472
7.78e+06        1.38677
7.82e+06        1.43904
7.85e+06        1.46511
7.87e+06        1.46013
7.88e+06        1.428
7.9e+06        1.32542
7.925e+06        1.19511
7.95e+06        1.04686
7.975e+06        0.930092
7.995e+06        0.875102
8.02e+06        0.854174
8.04e+06        0.869606
8.07e+06        0.919136
8.1e+06        0.999508
8.13125e+06        1.09869
8.16e+06        1.19286
8.175e+06        1.2306
8.19e+06        1.26294
8.225e+06        1.32672
8.25e+06        1.35434
8.27e+06        1.36129
8.29e+06        1.35666
8.31e+06        1.34685
8.325e+06        1.33468
8.375e+06        1.27796
8.395e+06        1.24922
8.42e+06        1.22525
8.45e+06        1.19904
8.48e+06        1.16799
8.505e+06        1.14246
8.52e+06        1.13316
8.54e+06        1.12656
8.575e+06        1.13264
8.59e+06        1.14533
8.615e+06        1.18109
8.63e+06        1.20866
8.65e+06        1.24763
8.675e+06        1.30253
8.71e+06        1.38317
8.73e+06        1.41732
8.75e+06        1.43411
8.775e+06        1.42242
8.8e+06        1.37628
8.825e+06        1.32012
8.85e+06        1.26448
8.875e+06        1.20873
8.9e+06        1.16146
8.925e+06        1.13653
8.96e+06        1.18054
8.98e+06        1.19077
9.0125e+06        1.24426
9.04e+06        1.33978
9.075e+06        1.28979
9.125e+06        1.20476
9.175e+06        1.13466
9.225e+06        1.09599
9.275e+06        1.09186
9.35e+06        1.16524
9.42362e+06        1.19826
9.43138e+06        1.19629
9.5e+06        1.20132
9.58125e+06        1.20627
9.65e+06        1.23465
9.7e+06        1.27315
9.775e+06        1.31837
9.83886e+06        1.30888
9.9e+06        1.28141
9.95e+06        1.28128
1.005e+07        1.3505
1.01411e+07        1.40949
1.019e+07        1.42739
1.02445e+07        1.42455
1.02842e+07        1.40635
1.0372e+07        1.34202
1.04292e+07        1.30273
1.05e+07        1.27481
1.055e+07        1.25912
1.06e+07        1.22726
1.0667e+07        1.20964
1.069e+07        1.21474
1.072e+07        1.20091
1.076e+07        1.21221
1.07984e+07        1.26902
1.084e+07        1.31622
1.087e+07        1.3177
1.092e+07        1.33368
1.095e+07        1.41904
1.097e+07        1.49549
1.1009e+07        1.52026
1.115e+07        1.70912
1.125e+07        1.67738
1.135e+07        1.63149
1.14722e+07        1.68363
1.155e+07        1.7339
1.1648e+07        1.73319
1.17e+07        1.71176
1.1779e+07        1.73529
1.18144e+07        1.72905
1.19e+07        1.67327
1.19936e+07        1.65282
1.211e+07        1.53334
1.21693e+07        1.48442
1.23e+07        1.51156
1.235e+07        1.5228
1.255e+07        1.54127
1.265e+07        1.53792
1.275e+07        1.55677
1.28552e+07        1.6438
1.295e+07        1.62952
1.305e+07        1.55696
1.31834e+07        1.57821
1.32341e+07        1.57541
1.335e+07        1.57792
1.34208e+07        1.59174
1.355e+07        1.6127
1.36744e+07        1.63093
1.374e+07        1.64677
1.377e+07        1.63067
1.381e+07        1.64542
1.38836e+07        1.62272
1.405e+07        1.58855
1.41975e+07        1.60555
1.435e+07        1.62684
1.445e+07        1.64612
1.465e+07        1.70332
1.485e+07        1.75967
1.5e+07        1.76487
1.51e+07        1.721
1.52116e+07        1.64203
1.535e+07        1.58804
1.54262e+07        1.58643
1.555e+07        1.6101
1.57e+07        1.62618
1.58e+07        1.6173
1.59404e+07        1.57719
1.61e+07        1.54711
1.62e+07        1.55904
1.62257e+07        1.56458
1.641e+07        1.58752
1.6531e+07        1.55851
1.66516e+07        1.53814
1.68e+07        1.5553
1.69689e+07        1.59795
1.71e+07        1.6398
1.723e+07        1.6608
1.73e+07        1.66212
1.74831e+07        1.65312
1.76e+07        1.64393
1.77469e+07        1.63741
1.7845e+07        1.6338
1.79973e+07        1.62058
1.81e+07        1.60563
1.82539e+07        1.59203
1.83e+07        1.5889
1.85e+07        1.59517
1.8665e+07        1.62669
1.88e+07        1.65778
1.9e+07        1.69073
1.92e+07        1.67473
1.93e+07        1.6649
1.9401e+07        1.651
1.95399e+07        1.63612
1.96394e+07        1.63433
1.97751e+07        1.63559
1.9895e+07        1.63731
2.01e+07        1.64901
2.02562e+07        1.67702
2.03342e+07        1.6918
2.04655e+07        1.70152
2.06171e+07        1.70465
2.082e+07        1.69971
2.095e+07        1.69509
2.1e+07        1.69381
2.12325e+07        1.68662
2.12963e+07        1.68477
2.15e+07        1.67903
2.15942e+07        1.67777
2.1725e+07        1.67536
2.1895e+07        1.67108
2.2e+07        1.66849
2.22448e+07        1.66526
2.25e+07        1.66167
2.28174e+07        1.65698
2.3e+07        1.65484
2.33245e+07        1.64961
2.35963e+07        1.64527
2.37435e+07        1.64272
2.39873e+07        1.63993
2.43257e+07        1.63482
2.45e+07        1.63196
2.46689e+07        1.63043
2.49238e+07        1.62862
2.515e+07        1.62918
2.55e+07        1.63065
2.6e+07        1.63161
2.63668e+07        1.62347
2.67218e+07        1.61668
2.7e+07        1.61007
2.73809e+07        1.60142
2.755e+07        1.59816
2.8e+07        1.58986
2.8395e+07        1.58053
2.85471e+07        1.57741
2.89021e+07        1.57122
2.92019e+07        1.56882
2.96139e+07        1.56739
3e+07        1.56663
3.04233e+07        1.56245
3.11412e+07        1.55223
3.17292e+07        1.54208
3.24515e+07        1.52775
3.30911e+07        1.51407
3.3558e+07        1.50471
3.41482e+07        1.49334
3.45115e+07        1.48738
3.5e+07        1.47876
3.58649e+07        1.4653
3.65007e+07        1.45542
3.74044e+07        1.44136
3.80675e+07        1.43105
3.90099e+07        1.41639
3.95603e+07        1.40847
4.02617e+07        1.39802
4.1e+07        1.38602
4.19899e+07        1.36807
4.27599e+07        1.35411
4.36067e+07        1.33733
4.42219e+07        1.32487
4.50366e+07        1.30871
4.61201e+07        1.28722
4.69698e+07        1.27036
4.8e+07        1.24993
4.87783e+07        1.23492
4.96771e+07        1.21759
5.07054e+07        1.19883
5.18094e+07        1.17922
5.25404e+07        1.16656
5.32816e+07        1.1542
5.4506e+07        1.13475
5.55687e+07        1.11786
5.68457e+07        1.09758
5.78042e+07        1.08312
5.87716e+07        1.06868
6e+07        1.05035
6.1e+07        1.03474
6.21591e+07        1.01803
6.36184e+07        0.996989
6.45159e+07        0.984029
6.57418e+07        0.967122
6.6847e+07        0.95236
6.8e+07        0.936959
6.9e+07        0.924303
7.05121e+07        0.90648
7.15068e+07        0.894965
7.2977e+07        0.87825
7.40299e+07        0.867153
7.56284e+07        0.850335
7.7e+07        0.835904
7.80863e+07        0.82533
7.99875e+07        0.807161
8.11287e+07        0.797409
8.31569e+07        0.780779
8.45978e+07        0.769328
8.6e+07        0.758185
8.72133e+07        0.747456
8.92415e+07        0.728492
9.07362e+07        0.713838
9.20163e+07        0.701394
9.38632e+07        0.684603
9.5e+07        0.675026
9.6e+07        0.66697
9.732e+07        0.656644
9.8693e+07        0.646572
1.00085e+08        0.636319
1.02e+08        0.623129
1.04e+08        0.610014
1.05854e+08        0.598603
1.07495e+08        0.589179
1.09524e+08        0.578354
1.11552e+08        0.568415
1.13535e+08        0.559528
1.15183e+08        0.552299
1.17637e+08        0.542214
1.19296e+08        0.535758
1.21693e+08        0.527059
1.23491e+08        0.52071
1.25749e+08        0.513284
1.28e+08        0.506042
1.30609e+08        0.498365
1.33494e+08        0.489873
1.36215e+08        0.481866
1.38137e+08        0.47623
1.41921e+08        0.465629
1.44066e+08        0.459621
1.48013e+08        0.448565
