ENU   R
61.731120	2.179018
99.165888	0.188824
113.469629	0.363730
255.666319	0.344754
163.553756	1.213164
120.205836	0.462458
147.035520	0.552901
182.120083	1.351820
43.095271	0.592047
151.216558	1.172137
134.929335	1.831983
41.913324	2.928000
242.317920	0.817280
212.751349	0.834170
204.195460	0.618616
259.233463	1.027906
267.722321	0.324549
177.453825	0.825489
146.205994	1.186752
44.985228	2.694354
161.450188	0.667950
41.313439	0.158335
188.061433	1.152634
118.325729	1.319029
239.750650	0.275219
44.783429	0.286565
119.065228	0.118633
142.425120	1.467330
177.256761	0.826771
288.012545	0.274385
109.737929	0.395085
239.959609	0.574114
100.103920	1.269752
14.748161	0.661333
39.019235	2.338549
263.141767	0.567678
237.294158	0.170594
66.394340	2.132307
16.150643	0.938051
252.860748	0.576043
238.708946	0.992788
148.875120	0.847808
169.747091	1.260357
22.571533	0.506575
280.411310	0.234590
129.376829	1.326233
196.061263	0.692981
93.975209	1.151604
239.684964	0.423647
254.508529	0.104514
130.259876	1.492198
98.632403	0.432873
203.228506	0.620008
207.974416	0.382006
60.078719	2.080802
262.366941	0.741992
111.955752	1.564174
64.181177	0.085806
131.314793	1.456451
254.084830	0.224687
108.339822	0.351311
17.192223	0.649333
230.157976	1.036232
64.434741	0.185460
119.349387	0.369195
104.171717	0.401765
297.686689	0.119075
167.386114	0.311344
243.572780	0.210296
254.001027	0.050475
168.539171	0.766969
41.779955	0.492684
20.903384	2.723761
119.960281	0.558390
36.240543	2.109298
200.773340	0.675225
75.484675	1.696258
213.883602	0.678223
43.443338	0.242497
68.871866	0.519672
120.244859	1.831510
56.747797	0.590679
186.430004	0.557203
48.334845	0.856042
54.679329	0.427748
234.537297	0.296456
176.507887	1.002442
101.519542	0.217893
197.982833	0.412715
109.529088	1.174736
85.875526	1.992386
15.725718	0.559966
246.083811	0.911161
84.527141	0.177561
245.155707	0.376527
49.726571	1.964438
262.377285	0.555998
46.645038	1.816953
109.332461	1.893622
94.860212	1.047582
113.075911	0.513402
135.891674	1.817424
127.465914	0.448829
60.128306	2.223275
73.759763	2.596519
103.513321	1.594853
70.353421	1.560193
79.246851	0.984911
123.877703	0.271174
161.220627	0.779340
136.588581	1.548722
225.701941	0.555800
242.468501	0.697625
137.788078	0.572813
268.235229	0.850152
105.258037	0.346755
48.133627	2.971427
278.700188	0.400228
100.838193	0.581058
145.763707	1.076149
56.986138	0.959655
70.224097	1.040698
177.118542	0.708901
140.075598	1.193296
121.373354	0.354212
25.538554	0.749521
58.513562	0.540272
81.836919	0.657725
17.286363	0.703004
95.534353	1.564494
132.274368	0.683143
250.569666	0.650938
84.697812	1.712482
43.368072	2.077394
133.276197	0.966976
17.891508	0.928728
169.904268	0.681973
181.716474	0.923258
240.872190	0.366612
242.703430	1.256732
205.785400	1.165552
207.973085	0.989831
98.974539	0.911426
274.634870	0.761022
273.315636	0.560372
143.849610	1.036140
101.915271	1.334008
56.965289	0.667205
155.177607	1.242637
197.458913	0.582569
118.356185	1.458546
36.067227	2.681801
160.364454	1.166506
10.441626	0.163198
238.866969	0.219296
91.321766	0.498320
172.967168	1.126033
43.935691	1.829817
81.552007	0.426742
102.686894	1.621670
98.001041	1.849003
232.920412	0.746560
189.448940	0.791283
239.575126	0.613371
69.697837	0.325948
89.120129	2.015643
92.837372	0.280260
100.993659	1.270135
265.519629	0.555237
133.554759	0.926759
114.882924	1.690019
73.575277	1.998530
230.446341	0.435171
23.369838	0.679303
116.861001	1.403269
247.001474	0.726359
65.558383	0.939372
211.156539	1.283715
190.354911	0.340027
97.074199	1.542173
146.744296	1.522503
10.079333	0.780966
283.915561	0.713251
60.072374	2.070455
50.129325	2.448129
90.690691	0.206933
81.484840	0.636813
141.315601	1.294999
65.828335	1.073525
46.505549	2.240622
53.875772	2.204522
121.979537	1.481324
207.037257	0.316286
20.325634	0.374947
7.543765	1.644414
153.831387	1.293967
98.616018	0.317178
168.066774	0.771120
232.663739	0.543299
134.094311	1.752222
118.203301	0.282827
55.574109	1.950126
137.769797	1.489227
61.809288	0.422340
110.150276	0.911164
75.829062	1.966731
247.958239	0.363446
60.967882	1.409080
115.713718	0.423472
18.730162	0.676600
76.193958	0.433187
79.461426	2.035587
138.870821	1.089891
62.297159	0.705709
53.279984	0.306652
138.674968	1.392000
103.051853	1.378635
44.759151	2.231119
53.957505	0.274901
44.486471	0.123093
159.270835	0.795339
168.604587	1.004932
126.223975	0.757795
83.676424	0.483461
265.129365	0.602694
95.050609	1.964602
102.976617	0.975616
98.623423	0.135942
54.981968	0.449547
122.773567	1.491481
252.246846	0.844377
218.088029	0.851321
68.577074	1.907632
36.306507	2.585960
77.595448	0.318866
133.860443	1.163759
58.911134	2.230161
92.895227	0.200766
243.755740	0.984005
214.014041	0.593702
235.381143	1.074576
157.679317	0.147147
109.270512	0.208156
221.770529	1.197113
24.891378	0.430368
267.600098	0.367135
174.235438	1.275721
196.498736	0.975789
10.853910	1.579471
48.082802	0.419712
174.952297	1.026231
102.410976	1.559644
14.154191	1.310516
142.331514	1.510753
94.767213	0.150878
239.263142	0.464887
49.932632	2.247799
258.319139	0.300225
26.554808	0.669681
247.508870	0.339892
116.528919	1.761372
183.606758	1.040115
33.816925	2.459400
59.498604	1.674450
31.900247	0.344105
86.008251	0.677577
54.183403	2.603533
253.653778	0.876569
221.763224	0.468845
110.574543	1.579079
167.318349	1.051552
283.301713	0.511479
46.795319	1.917934
24.045343	0.894356
125.893227	1.285257
67.847537	2.485098
90.400844	0.181917
115.358208	1.675421
184.925207	0.963558
120.141339	1.023315
96.265394	0.472496
64.040693	0.506491
181.103575	0.913110
43.118231	0.409400
273.482886	0.354009
280.342305	0.743277
97.246400	0.258081
213.491718	0.704813
58.418556	2.378880
245.373650	0.308699
2.876766	2.413813
103.707413	1.889620
119.749301	1.464337
240.901971	0.425376
31.620911	0.325535
194.920804	0.872980
180.861487	1.029546
127.148136	1.182794
172.786864	0.336330
107.496781	1.840653
188.501914	0.496787
253.518354	0.755413
296.984415	0.370781
178.743616	0.302303
108.699853	0.323380
58.867939	1.272381
121.953798	1.467139
144.699876	0.545446
172.175343	1.322931
213.273778	1.506055
189.786845	0.915830
289.197707	0.248000
1.866375	1.490690
190.402468	1.306138
159.241347	1.473095
92.740582	2.477007
151.425074	0.944070
119.399133	1.285211
107.645888	1.711754
115.436132	0.044953
37.514817	0.465740
94.568110	1.537037
248.916453	0.663442
64.606135	0.586449
81.673821	0.445870
288.062014	0.142638
141.764138	1.141196
141.254819	0.904414
71.298365	1.418787
52.561229	2.354011
53.463678	1.717647
44.549095	2.918053
250.640605	0.715160
47.723124	2.631218
234.703913	0.777191
256.833101	0.941568
168.327929	0.580759
66.639574	1.797874
91.226135	1.453502
201.500020	0.637937
214.953270	0.377264
94.133827	0.432335
73.214015	1.740409
191.830847	0.927386
208.534285	0.601074
221.562815	0.932030
211.678465	0.132369
124.615493	1.274487
275.472693	0.768086
223.323559	0.469364
55.105949	0.237296
40.843282	0.885430
245.524780	0.659605
183.671044	0.916282
46.759205	1.611686
94.103527	0.089822
190.746571	1.076282
247.835890	0.299842
178.891200	0.940813
3.598125	2.101482
101.172159	0.149043
92.514220	0.148774
141.651893	1.402687
273.874924	0.735188
259.942959	0.148362
106.380388	0.431615
147.509795	0.750572
67.517788	0.536661
177.828967	1.508253
141.327586	1.303853
225.674081	0.336863
247.243818	0.091291
172.452064	1.855255
3.578172	1.998018
54.077109	2.229181
197.307341	0.394555
33.986478	0.259937
77.439694	1.958285
287.142133	0.655014
23.299802	0.553016
228.020092	0.420270
61.731526	1.576272
177.800418	0.389492
234.117527	1.022824
99.574069	1.612734
71.254054	0.650136
185.474330	1.388509
52.873970	0.329612
237.024935	0.755307
91.252308	1.621188
219.401234	0.833478
172.542724	0.758925
92.073934	0.957306
99.914696	1.385863
80.287624	2.090386
81.905134	1.664949
62.568255	0.692744
9.951119	0.736298
107.017794	2.059601
85.787573	1.695510
115.843778	0.871388
274.280747	0.537549
178.758108	0.633171
182.618220	1.111889
223.363590	0.645039
8.658525	1.506833
64.415082	1.182821
116.628142	0.890305
117.137780	1.492795
46.662918	0.964720
148.505847	1.002617
166.756718	1.597394
219.738666	0.917041
54.826409	2.604706
84.775867	0.413046
98.771205	0.538149
152.407881	1.145725
97.002212	0.155896
79.078831	0.376851
244.511545	1.036790
183.624658	0.752723
176.083826	1.104181
61.075289	1.457576
115.768254	0.262210
12.062515	0.693103
28.607472	0.457860
23.797886	0.653163
10.492005	0.928724
110.741039	1.453373
173.207355	0.658413
246.732968	0.446452
156.122037	0.442183
26.422432	0.736093
70.982790	0.298322
202.808540	0.330783
96.319770	0.251427
98.405540	1.166659
85.940303	0.261791
251.496439	1.035414
279.044647	0.348588
193.258740	1.051237
268.550970	0.834374
212.817817	1.186209
123.876641	1.013942
187.895042	0.935446
74.707228	1.466285
34.066529	2.639097
192.000625	0.846047
11.483327	1.185345
194.410596	1.013647
128.139755	0.319025
35.452344	0.276597
169.207020	1.321584
36.848852	0.910366
214.228373	0.427496
248.190024	0.376947
86.338467	2.272309
44.861769	2.270288
91.654259	1.241409
38.250243	2.882198
149.601445	0.927265
272.881795	0.236755
147.836604	1.025594
133.812591	1.727016
166.026365	1.452126
280.386831	0.173861
39.268367	2.840417
47.313302	2.454388
213.330660	0.420295
281.505642	0.431472
105.130641	0.540780
220.378880	0.410983
45.200213	2.728920
258.108949	0.210887
69.572717	1.974220
150.837631	0.183190
104.880011	0.808136
154.993739	1.481904
85.468252	1.716070
195.379665	1.104199
140.150213	1.114749
185.329141	0.356127
111.991382	0.355747
51.157774	2.159139
178.121398	0.956272
156.127437	1.368697
146.153797	1.219738
234.520444	0.512536
95.624539	1.422427
43.589113	2.748652
70.338924	2.154301
106.061523	1.476478
10.134355	1.320115
178.635301	0.653251
9.013127	0.808108
143.682744	1.085041
204.608904	0.107621
83.813348	0.678384
249.767188	0.122647
107.049346	1.629628
259.254617	0.697830
101.793852	0.238791
148.391868	1.252447
70.319631	0.751600
97.406079	1.467807
101.735552	0.164110
124.257482	1.629041
113.505613	1.209684
183.292441	0.333427
293.629719	0.591679
6.271261	1.164315
215.288871	0.734135
246.239396	0.374823
188.197455	1.215856
277.736217	0.639378
43.209808	0.365804
12.789467	0.424398
141.194037	1.025147
285.751399	0.240354
163.423839	0.725377
111.894660	1.481695
279.330770	0.201037
175.733432	1.287541
175.868565	0.514138
104.083042	1.314312
127.704313	1.315745
68.059522	1.636268
109.609199	0.904066
24.909315	0.671321
295.800644	0.361418
72.376613	0.028874
52.233491	0.897718
52.843878	0.340292
154.312758	1.461565
168.951513	0.984316
110.959910	0.542000
92.506481	0.212860
146.779089	1.429149
61.797826	2.266053
131.287419	1.060829
52.216510	0.017668
139.158078	0.372521
102.961433	1.447891
200.925623	0.733823
219.447153	0.593508
101.358627	0.852560
170.052683	1.228460
197.321653	1.081532
4.467764	1.680715
31.926682	0.775995
64.614221	2.161084
240.504596	1.038395
116.765770	1.775937
224.185227	1.100657
65.551671	0.304073
51.307183	2.422866
238.967824	0.294520
207.166408	1.432925
57.749197	1.591093
42.038272	0.209058
53.141890	2.568642
78.637843	1.173969
73.618142	0.431886
110.493887	1.728152
218.182967	0.705310
191.284406	1.370153
75.409969	2.223554
109.734751	0.682549
98.573061	0.068759
43.225947	2.675058
130.554299	1.252657
13.221041	0.793537
47.975441	1.682334
239.086880	0.525264
111.703346	1.420583
113.564520	1.481685
138.898208	1.260659
200.403862	0.953918
247.312231	0.221435
162.028933	1.166855
220.909063	0.757630
110.737982	0.453697
230.152825	0.350439
253.469355	0.311680
2.655803	1.902316
98.896095	1.177543
59.918488	2.560503
225.835360	1.306291
101.655932	0.352337
142.881809	0.915752
57.575594	2.392320
234.939485	0.352231
216.037802	0.344544
204.635379	0.821493
50.882860	1.976120
49.872391	2.380974
2.677405	2.066639
38.697938	0.763619
149.967921	0.786505
112.709681	1.507984
108.799827	1.471621
51.576644	2.912494
68.976939	1.560777
283.224854	0.194250
59.531542	1.801169
57.566163	1.786499
103.745469	0.708527
227.000091	0.479305
77.331537	0.199099
187.397706	0.561305
39.197923	0.392294
247.372686	0.537277
58.499194	0.406335
63.614814	1.580637
293.988985	0.243602
277.527057	0.594059
140.652335	1.436506
215.746045	0.558153
46.182451	2.414149
117.573747	0.409927
209.030569	0.762525
31.993553	0.724487
30.155206	2.536239
56.007560	2.218260
229.043702	1.342715
191.278925	1.056630
100.680882	1.301460
114.256535	1.586914
36.624272	2.513244
52.775135	1.910186
2.800490	2.499044
196.228575	0.970893
243.734134	0.462580
241.548491	0.443744
70.897240	1.827286
14.851363	0.636210
191.871714	1.340018
235.494911	0.995855
105.354173	0.057385
267.510410	0.378090
241.233624	0.474111
73.227940	0.133124
27.593291	1.067210
253.438793	0.234871
86.017949	1.475721
252.245829	0.291598
69.658242	0.402627
90.408792	1.825195
165.778799	0.808841
38.058980	0.386806
76.533123	1.588533
130.339092	1.471850
213.398406	0.793783
294.364298	0.502390
76.089315	2.100951
85.656877	1.448786
287.329812	0.610864
112.787378	1.677342
235.208209	0.814882
87.618802	0.163568
78.695907	1.294901
184.246445	0.819696
104.485097	0.849108
54.265984	2.141478
145.589577	1.226927
261.323083	0.267233
63.402438	0.423792
236.507672	0.054942
8.719310	0.735174
262.016551	0.577451
184.893252	0.818364
289.965259	0.300423
239.721675	0.549569
37.444855	2.754697
191.814031	0.564812
37.595817	2.098700
46.249490	0.605196
25.751349	0.982247
221.831189	1.044570
31.806743	0.381922
128.625841	0.484652
104.735062	1.218423
112.135287	1.416691
58.386255	0.414820
176.141364	1.078271
268.507750	0.408254
97.753078	0.995468
104.442700	0.393367
119.764042	1.386190
215.719383	0.837795
20.121647	1.145465
169.061685	1.317288
52.379929	1.619296
225.363706	0.557277
123.182117	0.698574
236.948978	0.544078
200.693140	0.927202
85.204932	0.466225
43.244072	2.951540
93.909625	0.716206
85.121624	0.060562
30.853433	2.812303
58.526027	0.065332
177.351135	0.894117
211.918712	0.545164
66.375379	2.105262
58.417316	2.014092
39.019655	0.122353
98.775112	0.279579
121.945956	1.235002
132.947634	1.498129
159.135061	0.984705
106.422704	0.614799
127.179466	0.941836
239.620750	0.223177
51.163396	0.482566
120.110577	0.679372
116.747847	0.382937
40.151436	0.574253
294.610994	0.383889
84.939622	0.287403
88.790678	1.759691
125.924413	1.989698
67.773849	1.989639
54.246134	2.984047
72.823820	0.172899
179.304945	1.215670
183.674097	0.733174
108.380649	1.739739
231.811151	0.326299
180.915266	1.687192
211.057550	0.735368
163.775041	0.544313
100.825323	2.030049
82.940628	1.621132
176.473688	0.639135
137.620675	1.413674
185.240766	0.764908
37.363578	0.800006
165.168646	0.611996
174.031179	1.181735
190.925423	0.614488
115.883143	1.519092
106.908618	1.811626
85.659893	1.880188
202.784614	0.807475
159.769403	0.978635
211.482916	0.622123
177.310207	1.695181
119.002822	0.695466
39.821654	0.495246
62.336087	1.942801
140.990802	1.574324
221.386292	0.741294
96.093059	1.330337
252.823294	0.361399
255.818708	0.886765
172.283788	1.364811
147.282337	1.152924
121.985942	0.385157
281.419424	0.746674
233.018522	0.790997
77.395110	2.712829
102.110906	1.315995
74.357153	1.735835
60.323907	2.052310
80.862135	1.559433
228.241081	0.902302
74.109256	1.499429
208.789236	0.954999
124.946508	0.221486
153.529728	0.775642
130.439112	1.745378
102.761689	0.528344
122.986056	1.662978
67.945775	1.885637
91.425309	0.521082
86.816695	0.394951
88.368573	2.033504
258.543440	0.176508
224.607930	0.870677
72.735627	0.642705
164.871475	0.799799
115.228533	1.762609
105.213355	1.362779
83.707977	1.176268
42.141707	0.597591
69.900560	2.132252
267.951973	0.236838
218.307187	0.347117
245.363330	0.814163
145.824255	0.973488
129.812628	1.166751
190.088833	0.583705
82.557060	0.574703
127.477377	0.448015
136.254527	0.491934
267.055352	0.583210
97.873952	1.785553
224.366159	0.372122
189.586570	1.286181
169.196174	0.642503
32.829407	1.010318
150.114585	0.832992
87.857195	1.844005
192.663189	1.498822
26.888304	1.105888
78.470709	0.772878
211.541970	1.284561
264.415297	1.009476
22.704072	0.564264
65.032129	2.614210
79.013693	2.005985
37.504244	2.461360
214.664380	0.706598
11.435516	0.779535
56.267213	2.943549
276.591981	0.364517
149.240405	1.091700
103.925064	1.013022
299.390146	0.473276
35.514279	0.787589
205.017285	1.205936
261.398566	0.681745
110.727603	1.338322
216.015379	0.878111
90.167821	1.367887
38.034881	0.127239
40.902188	0.728476
80.003315	1.553845
41.158906	0.573737
52.221027	2.136118
140.329037	1.186156
125.493370	1.301176
157.793459	0.757822
63.624956	0.394083
225.312265	0.530100
182.947919	0.318519
58.814174	0.562796
258.132440	0.750805
317.666493	0.393786
88.408631	1.900973
41.709946	2.737425
252.992597	0.747342
263.498615	0.973041
71.798699	0.730832
127.370237	0.656868
241.832490	0.500194
123.957120	0.243299
87.674575	1.945589
79.148569	0.373322
90.793046	1.426298
196.855495	1.161446
105.336544	1.444889
84.449072	0.266782
251.126775	0.560023
165.236137	0.680240
125.003118	1.427385
138.087886	1.302595
166.677304	1.198447
281.716798	0.688271
62.344533	0.434677
125.516062	1.101631
69.806475	2.105787
246.258960	0.151704
12.761991	1.051537
233.838285	0.700606
127.934369	0.608151
249.932821	0.493527
262.816052	0.665837
282.846733	0.404067
267.081434	0.275044
238.402132	0.318085
277.763853	0.089547
170.216717	0.567009
7.795723	1.164247
168.618208	0.871388
183.155889	0.911164
67.595695	1.531512
205.521115	1.188529
188.380286	1.052491
252.520909	0.728785
19.143791	1.355864
246.521583	0.279019
227.851309	0.560128
118.290426	0.634382
59.745040	0.817025
211.588929	1.111508
19.235241	0.930001
268.551194	0.595754
13.479854	1.313766
168.375585	1.437494
218.390782	0.032867
109.420555	0.279647
214.555641	0.465500
101.688499	1.768681
119.134292	1.313953
251.361533	0.601967
219.123256	0.790799
214.792798	0.555327
76.362344	0.484262
191.932215	1.227893
121.182883	1.665993
2.552628	1.312807
188.838773	0.867140
74.904147	0.273786
111.630692	0.914137
20.947579	2.752571
80.470354	1.628880
179.390374	0.169909
197.450349	0.765528
216.439641	0.520146
101.889454	1.943229
224.199390	0.306587
128.215426	0.928913
232.404813	0.484044
48.381051	2.472008
181.773960	1.297991
239.286817	0.468579
75.226655	1.532530
185.040136	1.312935
93.983758	0.045863
92.050381	0.546438
24.929186	0.026025
38.302548	2.241131
143.460234	1.151183
267.449916	0.029879
296.638677	0.392062
250.773957	0.286844
23.395406	2.408718
19.626271	0.791318
123.241113	1.723884
144.010553	1.210487
87.938106	0.099487
98.537472	1.530625
39.658336	0.665149
29.664534	0.628064
86.380101	0.618043
253.789286	0.530319
169.033807	1.247421
274.802567	0.300188
3.206783	2.227785
48.222745	0.101859
118.036268	0.277207
46.449708	2.712418
296.425537	0.221697
188.993427	0.997318
58.905199	2.587912
11.896250	0.779109
283.885039	0.187937
202.011247	0.879648
93.386284	1.446641
210.765723	0.932999
44.035010	0.498542
60.290892	0.483488
27.832698	1.223907
72.613268	0.440383
146.068416	1.121194
74.492575	1.310477
219.687080	0.537708
98.117716	1.617409
28.995971	0.390956
198.455698	0.758891
226.602488	0.200830
13.277591	0.909556
139.016611	1.505526
158.189584	0.936706
151.775722	1.646840
155.574550	1.089851
170.403724	1.286831
97.072712	1.514589
190.450838	0.782120
124.791700	1.148659
280.232824	0.215504
126.102617	1.335399
253.402774	0.452387
227.627592	0.927176
88.238483	1.768007
60.952027	1.781367
268.861432	0.538206
23.272089	2.474111
22.566547	2.329625
195.471410	0.884054
261.260906	0.672609
26.820621	2.400972
271.819867	0.547305
74.315012	0.383236
130.296406	1.048024
217.500837	0.456167
54.331594	2.338505
268.818883	0.071494
139.719773	0.804054
109.173127	0.232923
194.841416	0.656511
262.244640	0.245465
147.153500	1.013588
61.726322	0.401403
250.316585	0.601311
278.341858	0.295468
141.401875	1.045669
174.242888	0.816181
181.155986	0.085188
98.414230	0.024220
49.566795	2.331368
108.453277	1.560751
111.192353	1.491098
275.173050	0.720476
268.648386	0.724703
38.551776	2.821528
19.372475	0.876606
172.769361	1.092045
36.813684	0.479962
141.571374	1.493548
99.737619	1.194133
230.620284	0.882230
197.047273	0.614260
54.127458	0.746687
41.807367	0.527393
172.271485	0.695599
157.109998	1.405182
115.896819	0.963608
140.955135	1.753147
117.985984	1.248518
68.001778	1.705157
71.713110	0.391753
97.516692	0.843245
102.809348	0.299250
50.744162	1.909786
85.032781	2.151327
78.779166	0.679348
154.308624	1.381883
188.626054	1.201815
176.005447	0.591016
72.691607	0.695466
100.297218	1.580609
171.162073	0.844505
174.579175	1.228567
152.686564	0.998235
271.557605	0.249380
253.587175	0.474517
277.601374	0.330401
235.928049	0.525580
53.351953	0.743754
71.887318	1.907415
186.854745	0.893161
152.747163	1.020354
173.066601	1.261359
120.509112	0.247722
158.628920	1.084210
65.109625	0.749337
37.403275	0.252671
166.788039	0.665031
161.726605	1.316903
73.813566	0.124104
197.904729	1.157217
100.322518	1.460071
238.862526	0.499479
50.183520	2.550113
39.028275	2.881349
126.569533	0.767681
113.284515	1.058730
52.163768	2.859359
138.239728	0.780860
144.349007	0.709269
49.551467	2.794899
117.045490	1.564387
241.388888	0.313498
237.119097	0.591031
138.379160	0.820750
25.632100	2.459604
242.084607	0.292986
240.558630	1.239665
79.007896	0.764459
124.387908	0.103261
137.122034	1.270129
34.583913	2.322056
3.870593	2.240907
73.173283	0.655034
27.595357	0.276331
37.247759	0.069163
103.333720	2.064042
44.782416	2.907565
100.625721	0.408717
95.481428	1.970400
204.719964	1.146566
83.343850	1.657923
51.251519	2.938898
95.849741	0.544853
121.106783	1.255541
88.279931	1.978927
43.839647	2.625440
69.986274	1.664786
83.350438	0.486265
68.103514	0.748202
71.892240	2.262243
100.171549	0.463546
172.594189	1.242938
279.204120	0.813948
119.027242	1.683311
256.764306	0.313493
130.214599	0.259588
101.634845	0.379213
130.666508	1.218625
83.526469	0.397665
289.926586	0.409478
277.065272	0.061745
86.091034	1.809020
153.115276	1.167006
224.097612	0.152723
175.756890	1.088125
86.158912	2.237529
210.559059	0.777589
174.606511	1.148469
80.251138	0.194271
50.689301	2.203974
218.053948	0.747262
30.450188	0.886591
252.680398	0.946703
167.816954	0.966994
302.004992	0.774372
130.615895	1.352995
190.975605	0.853340
16.899573	1.284185
63.275084	0.564934
189.556648	1.099973
89.962856	0.238224
223.854239	1.220820
250.596044	0.436590
15.556950	1.278088
198.504878	0.758594
116.774147	0.449999
174.549268	1.034521
88.747600	0.105130
248.005795	0.339590
44.899610	2.409344
124.754010	1.398873
65.299524	2.180527
74.925468	1.895849
153.730001	0.516888
212.971999	0.473201
42.075280	1.761817
106.736876	0.536195
78.307767	0.301429
231.686337	0.086585
134.216332	0.109540
274.324476	0.043433
257.459607	0.523028
284.581139	0.602029
174.212538	1.401675
68.259260	0.276341
82.498222	0.826537
81.149409	0.304464
40.376832	0.437674
294.272097	0.422912
76.915710	1.918648
178.935279	0.813803
80.682890	0.636026
286.266860	0.632988
296.836966	0.340806
245.365969	0.560295
85.356606	1.390036
163.017926	1.070354
69.845937	1.806651
209.157295	0.484131
280.711690	0.527838
67.848611	2.211935
237.757383	0.967046
288.540540	0.291446
72.859522	0.239298
207.684125	0.353873
117.676935	1.505824
198.247157	0.776688
185.827992	0.580834
100.878260	0.328381
233.232965	0.711323
191.863373	0.415765
97.071804	1.412493
43.273106	0.574203
157.063169	0.946196
118.453888	0.280503
64.176582	2.316493
53.989000	0.123954
265.378425	0.535065
43.136723	0.228263
151.082202	1.804647
113.881334	1.454911
235.606315	0.681029
41.751445	2.771451
300.160890	0.651039
35.645009	2.475007
85.768633	1.821309
275.812884	0.311087
106.483500	1.557973
59.511480	2.219017
236.371110	0.794184
72.635773	0.585943
232.091838	0.731255
119.735774	0.126407
61.098722	0.741135
117.428359	1.319023
37.848762	2.285203
61.960091	2.174182
70.836704	0.421268
186.117860	1.582312
49.224416	0.685599
264.645892	1.044946
71.483328	0.590363
76.873680	0.520732
70.991081	1.686583
226.917810	0.058437
198.133543	1.162265
171.824568	1.010811
236.651570	0.872204
137.383106	1.448123
150.432297	0.859271
166.573000	0.724964
195.476061	0.574366
212.641429	0.567559
115.272246	0.410492
123.926613	1.051309
227.476766	0.526451
66.195024	2.017885
35.442632	0.671452
171.062459	0.793747
166.877581	0.720486
150.229329	0.338244
176.430565	1.661195
206.268768	0.394331
178.025949	0.684708
45.924005	1.861608
231.485587	0.850523
19.150293	0.100627
35.345132	0.253392
106.488999	0.512618
31.660706	0.540016
159.428570	1.225855
204.618509	1.189274
282.993833	0.395122
203.896674	0.824632
57.047181	1.735438
237.286803	0.348630
259.180104	0.719161
168.786828	1.191843
229.122365	0.644182
171.757486	0.824024
95.103411	0.439086
282.724483	0.203729
75.009577	0.082514
53.146253	2.219797
193.886028	0.669158
115.414941	1.584607
74.490592	1.848552
253.042564	0.392841
251.828685	0.576198
165.830876	1.105286
115.666640	1.706798
109.736826	0.502800
35.637890	0.642870
118.979883	0.408752
250.187471	0.779782
167.993792	0.580492
183.788346	0.570428
113.202644	1.699868
91.937655	0.453460
280.005294	0.130457
65.593225	2.620115
142.560385	1.028693
234.297930	0.277531
92.571094	1.302886
58.485871	0.304995
47.524205	2.005457
214.134973	1.274073
240.728362	0.557924
172.194910	0.865564
61.348079	2.156825
262.645443	0.308079
71.476444	0.394305
125.679888	0.109435
306.612419	0.830747
42.311485	0.222700
261.011675	0.593035
283.065538	0.485949
63.395039	0.376124
101.471027	0.516545
79.745681	0.638962
89.335187	1.522975
129.159424	1.799916
161.795974	0.497547
220.912148	0.654736
300.779735	0.460119
145.983313	0.785997
199.122758	0.657831
55.996258	2.687377
95.238927	0.517468
96.250051	0.369256
106.434326	0.328152
93.651734	0.807042
126.682318	1.184196
127.106830	1.522236
290.052768	0.540180
106.341281	1.537925
151.516017	0.966164
56.223470	2.390552
10.611019	1.731293
194.479327	1.048247
34.961868	2.402716
253.453873	0.097255
46.824602	2.665810
231.336255	0.094894
91.121288	2.327516
59.032047	2.299226
124.398641	0.285703
123.355945	0.222414
258.140243	0.471432
81.029910	0.391167
243.598052	0.356783
98.574118	0.672555
40.249605	2.107214
151.547256	0.964136
146.931996	0.808288
69.554568	0.621522
182.775754	0.765770
93.491281	1.945128
72.509043	0.455696
98.176919	1.842765
62.936014	2.382418
199.565726	1.107363
21.982127	0.656792
23.873772	0.054871
56.452944	2.693171
261.133110	0.411612
143.889008	0.505611
102.269294	1.661471
26.374501	0.768113
7.768998	0.722383
147.742141	1.082473
203.522477	0.988259
112.498450	1.958880
201.704707	0.806235
90.209641	1.888735
9.702412	1.487430
62.162687	2.417254
100.594680	1.829876
181.221194	0.599100
132.173257	0.986276
199.432004	0.609067
166.185433	0.632558
120.444806	1.135233
31.980827	0.613777
91.296215	1.969845
121.846570	1.027181
108.108073	1.354736
241.337043	0.455062
250.738765	0.312779
7.474297	1.156700
280.413284	0.578100
198.459826	0.798425
212.226269	0.828578
143.054432	0.308007
228.775591	0.863771
23.098727	1.143033
259.597480	0.332884
277.889824	0.657904
250.940900	0.792799
38.775483	2.266754
70.159096	1.669033
82.476669	0.867533
106.551455	1.527918
253.220310	0.145273
113.916404	0.896311
56.820717	0.778984
87.653232	0.308821
222.137185	0.398872
220.302779	0.552542
240.028812	0.749766
244.475958	0.285123
265.713640	0.275787
87.387578	1.990552
137.637439	0.803806
214.939501	0.376546
111.064235	1.356355
108.485591	1.803626
146.807949	0.770524
141.961013	1.054508
133.701621	0.914636
205.523163	0.210496
224.773329	0.283625
66.315010	0.509000
74.511818	0.300382
94.272203	1.270838
270.767050	0.748208
56.078813	0.505882
71.894391	0.521548
17.497380	1.405894
101.898860	0.174121
80.231197	2.060592
46.864206	0.854618
85.029121	0.149862
45.186615	0.185884
212.849849	0.620643
112.752795	1.735772
242.635504	0.386860
222.833837	0.348902
94.578974	0.672884
271.573542	0.641354
189.227892	0.523198
189.753237	0.422204
21.801893	0.416149
226.675434	0.557534
119.777855	0.254550
251.821362	0.692425
185.949633	1.087885
279.709457	0.251308
258.754699	0.698620
245.401863	0.521839
269.158918	0.260596
84.809772	0.275805
165.096208	0.970239
252.327000	0.218223
88.675155	1.957364
158.427440	1.441242
43.300700	1.956566
3.909089	1.768372
118.811014	0.879182
65.537235	0.398244
35.811185	0.993783
116.043611	0.514137
284.588986	0.586488
80.405372	0.523561
97.994513	2.506209
108.112999	1.507503
60.500627	1.530698
146.178390	1.210831
271.036604	0.305512
191.446417	0.524966
190.973083	1.156898
45.852448	0.546634
271.883742	0.604720
130.396038	0.230125
173.216567	1.200080
173.493441	0.868995
199.033668	1.153999
50.089392	1.777883
149.354328	0.926034
66.801841	0.518009
83.023483	0.803861
212.109692	0.928926
220.340667	0.222280
242.489609	0.554458
28.740034	0.558696
164.462050	0.575230
101.054878	1.274367
108.438108	1.352886
71.786069	1.756466
31.248055	0.267237
143.761721	1.108694
85.568202	0.361602
120.987187	0.193861
79.666212	1.114959
105.989909	0.402004
65.070816	1.864934
38.853227	2.702011
11.773944	1.070032
293.100360	0.097059
45.085552	2.316463
191.394527	0.698572
85.030640	1.559410
223.392788	0.158681
306.603702	0.295901
39.599550	0.535367
86.751594	2.094004
229.145203	0.889396
171.178812	1.155670
199.140617	1.112465
287.390439	0.496653
211.751730	0.463885
136.993194	1.692876
207.535041	0.869332
169.942951	0.688733
193.032543	1.511083
69.094803	1.631865
187.395083	1.171586
219.278537	0.346532
19.609942	0.619389
205.098476	0.658588
116.629721	0.825730
11.632216	1.108346
235.034959	0.493990
224.251537	0.830851
211.316467	0.523752
241.670480	0.775632
24.869165	2.329839
223.150630	0.700341
39.504141	0.726791
146.687097	0.888913
257.535594	0.166419
216.280099	0.750727
259.321248	0.099286
153.535466	0.904631
124.549871	0.242374
65.810347	1.708250
177.403826	1.360069
54.350648	2.064495
46.156876	2.758661
182.895787	0.918623
209.116068	0.593012
95.002430	1.480860
81.515740	1.650751
84.780586	0.444524
117.106697	0.919480
19.957083	0.870828
281.539956	0.307939
92.973791	0.620067
54.107195	2.948336
75.068133	0.576697
71.569687	2.147735
69.081609	0.463540
96.227257	0.406081
2.095853	2.767470
49.566063	1.889522
203.211506	0.875563
90.724454	0.189336
231.373400	0.466351
173.463764	1.193698
139.881353	1.438640
115.032492	1.461721
69.762592	2.239808
95.466130	0.121330
63.105391	0.315857
263.816376	0.680623
74.482263	0.518242
184.915164	1.240238
111.844707	0.813134
35.196338	2.714704
72.339637	0.742778
73.463318	0.625841
68.561695	2.346064
159.676953	0.895060
42.570392	2.560840
175.672385	0.402778
1.365898	2.633220
283.351094	0.212892
19.769814	0.743839
287.449744	0.256209
238.802212	0.812031
276.446347	0.675448
20.310023	1.249361
141.602310	1.509862
275.785099	0.389454
92.604610	0.543978
80.533824	1.729223
38.629040	2.580648
125.841873	0.774252
153.643669	1.320105
103.503705	0.457572
5.648282	1.341021
45.995880	2.229543
231.870576	0.353199
66.057448	1.692264
122.593968	0.520012
96.193156	1.436017
46.331724	2.213236
212.207718	0.820887
154.925557	1.611247
264.991892	0.332423
204.676472	0.347071
245.535525	0.578961
155.264980	1.542738
128.414170	1.103945
25.292826	0.509789
87.412903	0.868694
266.143614	0.456676
7.143354	0.916156
114.612651	1.221267
240.986756	0.558160
82.143244	1.935187
52.070265	2.082830
54.357939	2.920288
83.732709	0.312877
274.248679	0.206141
67.288135	1.495041
255.473103	0.520743
63.032294	2.511869
150.417734	0.869734
30.019719	2.514146
8.357906	1.251578
204.842402	0.761548
47.168846	0.811889
162.254578	0.676178
60.011036	2.135822
119.137539	0.887877
240.078123	0.545720
103.279580	1.703866
186.549478	0.568820
95.362362	1.841136
270.625885	0.424224
117.362328	0.561056
195.238895	0.786969
291.866974	0.900787
283.857422	0.309461
164.685160	0.744394
255.065282	0.203201
305.762418	0.257151
184.720998	0.907597
209.712620	1.292601
68.013451	0.634042
285.018321	0.483025
165.256891	0.925741
214.630852	0.734842
125.776282	0.975944
48.073910	0.308778
39.968720	2.881139
270.800419	0.114384
109.805368	1.168704
170.681013	0.754389
34.758098	0.701464
99.826693	1.096807
204.118872	1.092159
293.868680	0.473900
164.319075	0.459133
87.909275	0.232698
138.179929	0.731113
66.800308	0.459424
226.701619	0.537662
97.815500	0.366795
44.943941	0.662447
264.865100	0.397027
94.348572	1.860534
292.551850	0.546973
153.969188	0.918224
131.243831	0.310112
86.365714	0.259080
59.949366	0.216285
111.340031	0.851369
52.692538	0.673789
107.775389	1.643395
31.426713	0.742333
274.745195	0.384276
17.850640	0.785197
162.135783	1.274520
55.606887	1.943639
283.157078	0.060761
207.221566	1.200435
125.349688	1.214595
80.278035	2.261408
254.664806	0.584218
100.772663	1.641494
49.740853	2.170107
203.444033	0.547156
93.566342	1.389085
80.298795	1.650990
98.192046	0.610325
121.114450	1.722382
216.623578	0.561041
106.909964	0.976838
91.049902	0.137476
61.970109	1.757972
235.257224	0.760113
49.374561	1.970676
197.865194	0.615545
112.761396	0.482263
136.816382	1.441441
73.845600	1.748184
144.834056	1.333708
81.127344	0.168666
57.326890	0.072450
92.295418	2.271254
181.473902	0.467063
194.680056	0.185731
165.530255	0.573079
74.117191	2.175903
218.451233	0.378482
178.279913	0.911609
152.726154	0.576650
82.750987	0.287587
222.604974	1.084880
179.771570	0.379507
156.072600	1.446836
95.747390	1.128684
54.185562	2.384987
286.648623	0.345019
67.402304	1.684236
74.950454	0.800112
144.274786	0.564673
45.281829	0.690417
113.657345	1.028067
284.335362	0.141407
147.761089	1.299327
268.905570	0.602020
51.284602	0.132453
85.734618	1.696111
51.685872	1.734510
39.126989	2.763337
238.294408	0.314914
78.325214	2.123046
88.831550	1.598057
30.675912	0.695805
13.643205	0.812122
42.515038	0.495831
117.223487	0.339024
79.772370	1.355643
5.078927	1.452738
278.135925	0.663080
201.072370	0.767577
118.556651	1.865452
214.036525	0.855280
72.729476	0.552180
176.382677	1.131046
98.505727	0.319732
231.245162	0.381591
173.776924	0.527148
5.642982	1.516084
62.612176	2.266438
290.718374	0.112582
255.570827	0.363611
38.398544	0.337496
247.405264	0.210403
221.078122	0.213789
112.484266	0.309778
79.215832	0.483768
132.567983	0.850696
109.767953	0.376761
119.089686	0.288598
57.220624	0.490731
259.500803	0.499826
249.532572	0.490207
229.541931	0.355927
134.989202	1.169283
31.071182	0.308699
195.723788	1.314387
42.708894	1.702228
267.753658	0.224829
275.720307	0.257259
125.126610	1.471787
175.634065	1.162873
238.683523	0.352606
44.031182	0.425937
249.716431	0.510261
159.195004	1.534542
115.948991	0.125069
270.343850	0.111600
206.732723	0.787368
24.588025	0.575263
80.482722	0.594203
214.949586	0.537285
123.067073	0.503654
77.275203	0.638092
111.956679	0.129289
42.968190	2.492030
58.094127	0.233758
31.581386	2.940298
109.529056	0.143660
105.835995	1.825748
83.548635	0.260356
159.718170	0.739955
107.481581	0.439133
258.429625	0.546948
147.420671	1.461846
41.859458	0.349517
11.617733	0.850318
210.207259	0.366954
19.296799	0.936231
60.824260	0.137398
220.022162	0.708358
186.812236	0.810758
256.497690	0.368438
218.105852	1.108303
32.403939	0.992482
129.105645	1.554806
96.312946	0.434333
191.199839	0.965751
215.397754	1.296092
120.974675	1.231745
202.755515	0.750184
148.358711	1.248099
100.844616	1.068685
239.582206	0.711359
38.749599	2.465362
81.360616	1.466238
36.880161	0.065731
118.403775	1.428342
191.083447	0.979074
167.298401	0.672584
66.709540	0.026955
94.796265	1.985503
209.464958	0.796436
112.806977	1.412643
120.366722	1.269405
101.612422	0.431344
246.226178	0.658274
63.713171	1.954819
44.419146	1.874474
68.894507	1.877553
127.497640	0.704057
265.672132	0.846927
26.848166	0.477199
257.968294	0.553553
218.794781	0.509525
94.550251	1.894852
236.532196	0.676859
56.258403	0.233842
100.805462	0.204394
71.334585	0.307804
90.302262	0.402878
165.382199	1.238447
114.217142	0.460639
214.461784	0.945014
188.453527	0.459915
150.258694	1.217420
82.152804	0.275359
78.738040	1.404820
69.405180	0.258096
68.636260	0.814701
29.166203	0.825993
61.814812	0.194598
262.362988	0.456203
114.862164	0.614708
129.371761	0.758134
96.253675	0.146037
241.977859	0.508249
172.700146	0.889434
82.452012	1.964956
270.388134	0.695159
70.178246	2.262045
54.552460	2.118513
93.532894	1.837159
181.914409	1.081490
50.816183	0.834175
287.731010	0.693294
212.321317	0.365054
267.130399	0.817437
128.357016	0.525720
69.942246	1.091347
88.908822	0.223298
96.293991	0.145933
228.515408	0.913464
308.791682	0.491168
60.533785	2.127602
224.104282	0.465130
247.723021	0.378912
61.382028	1.434278
48.661507	0.614693
68.997960	0.349759
142.900784	1.477480
45.787832	1.291066
232.323506	0.842289
208.550790	1.176381
56.916481	0.279960
96.710313	0.337059
134.158467	0.154622
219.454034	0.535759
100.326075	0.177066
40.434806	1.678261
122.000568	1.451521
112.035614	0.685612
79.052053	1.707699
162.546900	0.948001
296.312804	0.568887
264.187943	0.757012
233.486852	0.355700
90.048424	1.745913
178.884253	0.772478
42.319198	0.542602
26.255584	0.762359
262.809628	0.480424
162.060225	1.101236
130.385787	1.161267
30.603040	2.585627
230.653073	0.369561
133.293151	1.577971
281.623928	0.491351
303.779545	0.373492
90.609175	1.726148
141.231702	1.689448
133.553431	0.493592
101.420431	0.316995
147.690325	1.627741
29.460749	0.727399
114.583171	0.310154
29.123538	2.497716
57.816624	2.614612
4.972393	1.573838
109.400596	0.263977
37.842359	0.240456
145.671464	0.932901
40.989337	1.001438
115.612235	1.758665
105.280675	0.878780
233.683989	0.935715
220.691802	0.775755
167.460315	0.994683
174.533956	0.874637
241.923176	0.279918
53.038575	2.068479
137.828654	0.959991
107.721959	0.109366
109.297091	1.603298
130.342375	1.279418
219.008898	0.702128
291.113656	0.517688
137.362578	1.012793
32.790454	0.209791
221.894684	0.806828
281.611508	0.879577
123.251685	1.859200
27.266114	0.490122
262.404986	0.715714
96.511511	2.444581
100.043489	1.445896
158.533200	0.945395
40.497213	0.386767
168.935154	0.639731
245.524784	0.551002
86.924031	1.431213
217.679138	0.567100
130.170680	1.558049
104.212440	1.914082
21.971765	0.623800
39.761509	2.405410
46.261983	0.816713
152.806797	0.448061
27.435682	2.871514
95.684083	1.867596
134.376008	1.736833
165.734583	0.908580
166.910766	1.551343
83.855144	1.684063
32.172230	1.726217
233.717815	0.349870
183.117070	1.473934
44.304914	2.473093
257.806312	0.218195
212.861903	1.036074
44.555163	2.861697
160.473018	0.786010
184.021980	1.088587
226.239159	0.921659
77.914588	1.799864
250.229867	0.640121
117.430228	0.159942
72.577696	0.400520
74.878663	1.927185
151.021134	1.102928
53.985566	0.474916
210.842648	0.923007
69.890806	1.765082
39.821357	2.822918
183.772182	1.376755
172.911973	1.167201
289.183516	0.178256
10.420916	1.163593
33.632692	1.902985
127.142217	0.587380
195.398003	0.349036
82.875087	1.956749
197.274687	1.107686
247.380022	0.882142
186.492810	0.549983
49.687168	0.446001
185.967966	1.018846
109.370639	1.551173
252.349829	0.240492
227.732594	1.284995
160.026654	0.982540
143.669874	1.485575
206.510899	0.749557
155.544404	1.003629
154.653839	1.362750
278.331454	0.693797
182.160278	0.613622
256.049237	0.590982
261.454604	0.189420
34.370100	0.812759
211.794745	0.829218
258.537722	0.398317
58.375835	1.802581
212.944863	0.653955
114.986843	0.689429
142.964248	0.625016
179.014169	0.961164
41.788509	0.019796
10.652507	1.197125
129.263912	0.545833
168.739028	0.664514
29.316261	0.838395
96.610424	1.352052
14.414857	1.137522
149.052261	1.069560
202.538654	1.106195
171.174917	1.479960
268.569796	0.341054
55.555313	0.513685
247.056278	0.702080
249.557297	0.378121
245.859095	0.429841
46.229999	0.092285
79.285871	1.564933
50.004870	1.545999
45.456626	2.928342
112.094348	0.531713
204.883584	0.731347
252.471767	0.226717
302.539081	0.433380
200.373873	0.654476
7.769091	1.085744
174.172424	0.956729
37.511944	2.581897
46.528632	2.539765
124.012441	0.781156
109.643621	0.690818
64.865437	0.139785
67.263088	0.340027
125.461103	0.461826
79.374301	1.645243
247.374063	1.275918
45.216361	0.443068
156.502781	0.539976
281.445643	0.288834
97.790530	1.376589
197.368030	0.898479
97.392707	1.425216
107.839717	0.467614
207.794111	0.652487
268.848674	0.236857
124.783013	1.087396
94.256285	2.047078
139.029155	0.719721
191.191931	0.864198
29.718632	2.807610
59.887566	1.787664
118.792612	1.696477
33.390659	0.123837
51.570704	1.930706
164.102571	0.752197
209.217193	1.137287
108.898291	1.639838
130.342296	1.790887
122.880457	0.620495
225.844533	0.309627
40.754040	2.752958
83.571301	0.195058
112.667789	1.571726
147.360017	0.721624
216.997162	0.795909
62.509042	0.418587
82.205815	0.555681
30.071270	0.784890
224.378293	0.306096
252.147315	1.312555
97.089116	2.213885
108.442646	0.278155
99.640569	1.548473
64.719358	2.114734
288.006804	0.535234
26.660919	0.359604
29.215088	1.097164
156.024861	0.686925
158.036404	1.442596
207.418017	1.028337
110.380842	0.463279
106.280597	1.399525
103.691833	1.228308
56.425270	0.289591
34.572664	0.710010
119.879780	1.196513
111.924286	1.339436
207.533581	0.414246
285.566169	0.335938
142.328610	1.623378
258.269161	0.355991
56.336164	1.382358
137.957810	1.006192
100.944518	0.293198
109.003575	1.257166
80.107915	1.198420
72.906750	2.151943
102.112474	1.845113
51.179036	0.449908
85.039770	1.842870
186.066117	0.504060
103.690002	1.399581
86.540513	1.308452
272.183256	0.558679
14.409249	1.271260
261.475669	0.172076
245.283578	0.515727
77.884052	0.287261
269.394528	0.622460
195.469683	0.433211
265.754648	0.273731
100.252625	0.413257
139.083482	1.176714
68.213508	0.548862
96.967672	0.289336
79.897479	2.690465
35.046208	2.639956
90.384271	1.613911
133.240798	1.323798
117.820297	0.068767
11.197450	0.828376
121.067474	1.234486
254.919700	0.185442
75.967687	1.965066
51.356516	1.807595
177.033460	1.084903
37.834922	0.087977
32.859510	0.804566
124.616229	0.544766
219.256053	0.967591
201.377366	0.911610
24.054883	0.650749
215.103492	0.181572
169.358194	1.059857
220.353320	1.020287
50.869275	2.193019
188.295213	1.167175
112.824089	1.934663
218.266060	0.555782
97.368394	0.334052
55.364796	2.291333
156.699969	1.772532
41.285756	0.695625
272.910164	0.588740
52.912209	1.943240
36.024067	0.918833
48.215363	2.000123
50.332293	0.253602
100.829031	0.589062
212.259895	0.413938
149.554352	1.256300
242.779388	0.741108
78.857385	2.018925
59.435408	1.888015
69.123044	0.317995
75.220642	2.149626
250.632251	0.444494
52.983799	2.019344
286.474636	0.563171
89.556288	2.196708
239.854513	0.537134
200.783489	0.669880
108.179629	0.125610
93.820608	1.459894
34.107452	0.725771
214.277849	0.668858
150.937582	0.884448
22.948867	2.887629
70.330583	1.020890
92.496555	1.530861
260.563926	0.860397
32.883717	2.692612
43.480219	0.688677
49.548801	0.354390
89.044058	0.424396
82.488984	1.494545
15.892772	1.124947
228.939618	0.403878
89.023595	1.591926
219.435111	0.921925
77.148200	0.530893
98.123126	0.608708
131.529062	1.232140
236.184832	0.375066
265.201472	0.844492
109.197782	1.956656
97.816650	1.758140
82.046769	0.537314
242.070661	0.694169
123.917108	0.301275
156.425927	0.948230
63.383856	1.933780
255.267940	0.585800
261.408522	0.382757
225.480945	0.685799
99.097925	1.662571
50.668516	2.186275
81.166300	1.990865
246.513764	0.520596
74.006611	0.341476
257.055944	0.695729
30.447485	0.245352
61.940750	1.565592
79.703561	1.759234
157.273921	1.172483
201.842358	0.886227
206.316297	0.814734
256.161311	0.353938
103.164486	0.756639
123.920149	0.343787
141.572118	1.383099
192.797016	0.722734
139.707893	1.642638
41.192639	2.175973
242.115905	0.491791
244.537848	0.708864
45.768976	0.495897
169.931526	0.778903
222.014076	0.076110
30.829905	0.774277
211.827227	0.551329
55.210146	2.036525
145.814616	1.261564
53.215316	2.982379
100.659609	1.137078
239.575064	0.491491
234.009969	0.537494
69.734826	1.598856
268.206328	0.116005
272.685159	0.109582
244.354692	0.895283
38.275724	2.300151
90.608732	0.341734
108.688899	0.158213
115.198346	1.165182
169.081818	0.336306
269.448015	0.532812
197.082970	1.140467
63.057585	2.073815
44.851099	1.978784
97.905955	1.273950
8.415801	0.955927
271.077183	0.463395
55.496425	1.841308
210.260515	0.833717
91.990150	1.625878
36.409564	2.527133
246.273726	1.048624
176.967448	1.088202
12.476068	0.882690
127.975379	1.190429
20.343152	0.627512
114.353353	0.739761
143.999905	0.828397
239.416616	0.547680
50.927160	1.407149
95.395939	0.068250
94.066403	1.883555
78.842819	0.271512
119.141792	0.885397
52.475702	0.527278
191.528942	1.166033
82.459417	1.798276
204.061436	0.614566
88.410117	0.634338
232.809046	0.769652
149.483508	0.799976
172.861344	1.085815
126.882051	1.402157
138.892201	1.233797
183.835331	0.946165
161.027046	0.633002
75.061073	2.134308
245.998117	0.367999
86.594363	0.451386
138.199446	1.026833
83.280212	1.368376
96.661961	0.197878
47.128302	2.255419
82.119652	2.251447
8.662933	0.700257
214.379430	0.835492
286.067099	0.279000
116.633559	1.214142
283.052769	0.669601
205.672530	0.257862
196.857660	0.189580
114.585314	0.903562
103.920107	0.420363
56.768876	0.138159
106.987520	1.278043
56.583628	0.278675
26.735087	0.376669
163.577887	1.211320
84.461460	1.919358
129.332483	0.487612
104.903912	1.226907
132.705167	0.924517
108.630320	0.469583
45.749842	0.214196
164.557476	0.964497
89.900918	0.159074
57.809271	0.117648
143.830944	1.623534
46.944611	0.810403
131.107124	1.439528
281.811873	0.410432
237.437512	0.695394
59.752984	1.612962
51.351692	1.006874
117.808815	1.332672
51.615720	0.678921
116.846486	0.979197
193.948423	0.842746
65.437985	0.406407
228.553814	0.409628
197.185661	0.649351
150.454882	0.749382
99.753617	0.169581
250.533577	0.814248
81.933304	2.214861
101.190193	0.443462
78.647446	1.316235
22.615120	0.845094
239.155987	0.190026
141.191612	1.255404
34.639970	0.788997
144.380698	1.417319
15.572044	0.566519
62.508429	0.536751
81.523619	0.569362
141.101271	1.103043
219.473353	0.877949
63.451349	1.590827
75.011099	0.254383
99.672165	0.311017
124.665613	1.128773
192.628179	0.853992
160.485562	1.532327
130.569228	1.345941
100.144757	1.487475
82.176021	1.666155
185.543399	0.749240
255.529246	1.058012
33.406320	0.759118
96.015642	1.337001
108.304648	1.009169
269.592600	0.692921
218.413610	1.185399
165.441001	1.404931
69.824133	2.077559
156.389414	1.053117
202.286741	1.065688
78.236218	1.809785
270.309147	0.515793
162.083743	0.699415
176.782594	1.032103
256.491851	0.205285
30.759767	0.944516
219.091237	0.275241
114.249043	0.624191
71.559576	1.024978
114.887840	0.295923
24.344384	2.900630
59.720937	0.339101
255.424665	0.559500
86.661961	1.336819
237.282781	0.224565
66.030953	0.552167
100.463328	0.303639
207.344511	1.167574
118.260965	1.750889
219.441218	0.606642
238.202211	1.233340
210.537616	1.104364
61.575815	2.325511
22.184716	1.104251
83.304940	0.132640
234.497650	0.490913
46.030986	0.634712
135.032364	1.442403
181.871759	0.612970
173.082913	1.214432
36.876746	0.314559
136.999311	0.681380
120.496394	1.189591
54.521755	0.125982
240.750228	0.731959
78.725207	0.729135
56.268495	1.824891
36.737124	0.039816
125.274394	0.229052
59.376155	2.713405
123.013105	0.903622
75.801664	2.213573
247.225794	0.777991
72.602438	0.438331
216.447956	0.826924
127.158900	0.982119
249.086144	0.740098
105.200593	1.503356
273.172810	0.476215
207.828761	0.773771
147.212786	0.846582
113.003286	0.318140
45.212270	2.955919
297.214206	0.331877
74.956187	0.789424
68.935802	0.901524
238.632145	0.597983
46.435821	2.908442
86.180857	0.346811
55.885467	0.584792
102.690867	1.079822
6.160171	1.488888
255.249568	0.788190
69.676682	1.728436
115.497618	1.311728
246.304694	0.593372
95.210666	0.383540
141.147064	1.152891
212.701598	0.836967
108.160525	0.329941
93.729554	0.346644
96.749127	1.544715
179.403913	0.687112
248.565669	0.410357
289.069383	0.162843
113.067318	0.996507
229.044945	0.631334
292.295207	0.279915
276.681849	0.249366
187.674277	0.745098
44.063955	1.727995
283.346985	0.478689
49.623642	0.304550
102.819047	1.632159
94.972620	1.552197
32.760723	2.767229
60.763743	1.712327
76.001347	0.544944
29.815612	0.425459
214.855472	0.663541
166.544782	0.560888
104.323466	0.122589
95.933690	0.368640
225.228124	1.176552
154.615937	0.885347
89.394343	1.639096
173.765344	0.914662
273.849033	0.160102
107.637890	1.417410
84.574926	0.417877
54.638714	2.432792
261.455932	0.302712
227.523609	0.095108
183.164901	1.320412
165.455334	1.016910
156.681281	1.152974
127.385657	0.050880
171.446195	0.746651
73.613908	1.629693
126.839911	1.314622
154.982877	1.173728
161.736567	1.169108
58.654482	1.879568
271.741749	0.486585
114.707466	0.163539
251.187598	0.619960
192.932683	1.054527
257.780701	0.406763
239.952581	0.775006
69.239746	0.780159
96.364447	0.421007
127.137598	1.486492
104.266428	1.410443
116.591048	1.352560
320.027550	0.468151
277.771373	0.421965
128.100064	1.334830
172.468784	1.192384
35.386545	2.880780
93.823097	0.570343
150.070984	1.395068
197.679571	0.454245
79.975853	0.200131
98.365500	1.395023
46.966954	2.060600
31.040070	0.331128
285.913659	0.436958
43.736156	0.737038
81.170149	0.441432
202.891003	0.798017
80.033733	0.166719
91.679240	0.284193
66.910759	1.790962
154.415714	0.974578
118.363662	0.690440
132.259466	1.365832
217.030001	0.771698
202.190489	1.002643
99.591094	0.275778
15.412209	0.716625
232.970389	0.849561
17.224747	0.910403
226.797294	0.478563
125.530593	1.641786
96.911723	2.275108
221.715379	0.823958
234.306291	0.488673
216.220593	0.988802
116.137386	1.843640
272.610755	0.648387
189.169027	0.964800
131.314463	0.498835
276.096595	0.679260
120.857152	0.304148
120.564809	1.879975
52.019561	2.666369
255.944847	0.163643
83.082424	1.492666
241.813859	0.906081
59.051086	1.753873
154.222554	1.144957
62.594639	0.804562
94.800384	1.312120
106.249631	1.038912
10.290325	1.008323
6.191197	1.237253
189.006721	0.641153
244.528376	0.716385
223.024471	1.041569
175.826824	0.974913
211.259607	0.833609
130.446503	1.236622
112.197846	1.353574
80.320594	2.169939
58.174030	1.754202
24.888566	1.403546
100.732170	0.226187
93.308054	1.680395
150.188548	1.975675
253.637317	0.438495
249.752634	0.294456
88.930695	0.539926
105.932192	0.896005
138.401156	0.885713
93.592973	1.137472
153.880636	1.211547
231.123848	0.144835
271.941288	0.468186
67.095545	2.070114
90.374452	0.519379
53.131459	0.866975
271.222639	0.632123
42.928495	2.798050
61.565051	0.407859
50.985258	2.390156
241.765795	0.649053
162.269110	1.274715
68.119988	2.618279
171.995378	0.892459
115.610808	1.553126
173.487721	1.124789
96.676330	0.468614
138.806586	1.021251
82.867379	1.935539
142.486606	0.624229
81.093295	0.592984
117.446738	1.001986
92.134129	1.230317
209.971681	0.915389
106.796489	1.460285
119.159842	1.435070
120.891407	1.144501
106.860438	1.093024
95.665444	1.390916
68.387764	1.672055
151.744119	1.354505
199.126818	0.994767
171.543541	0.798376
51.551214	2.487567
13.932741	1.054850
142.911684	1.642677
29.262913	2.591652
138.296601	1.508378
204.475537	0.200658
58.407579	2.150825
45.667978	2.720685
184.080625	0.548021
75.025631	0.179876
105.451796	0.117358
79.077526	0.384112
124.325258	0.358367
184.529640	1.255782
287.554952	0.303086
207.280303	1.096920
67.272071	1.890107
185.421103	0.750858
222.097738	0.253848
189.963729	1.323992
13.727747	0.968396
192.049314	0.313175
49.658495	2.193582
178.147307	1.210154
99.366145	1.415139
244.533814	0.425301
244.470652	0.558296
148.465791	1.011426
283.263612	0.540544
88.060006	1.320864
226.221778	0.658851
200.846030	0.758523
163.176788	1.198351
123.963457	1.997570
183.771331	1.148610
113.417917	0.204626
46.329046	2.906837
253.911477	0.238011
91.847922	0.430888
120.883426	0.435989
265.470595	0.442684
24.903904	2.828175
213.683949	0.303687
273.990305	0.635226
115.798420	1.752259
120.709429	1.193644
182.224282	0.738308
61.704710	1.758004
46.476697	1.768617
60.860593	0.387835
149.127116	1.366527
122.972341	1.636147
214.039882	0.914264
235.936111	0.512175
145.993843	0.668286
251.274644	0.251760
11.029422	1.600958
11.549205	1.229818
114.879748	1.989584
171.971319	1.228661
125.052723	1.051918
107.178543	1.727241
222.910129	0.691478
142.471721	0.578680
53.354724	0.792102
195.293716	0.870000
97.160872	1.026965
228.024238	0.659553
106.047596	1.209441
90.882307	0.075562
256.207919	0.308640
129.009847	0.259570
83.622709	0.626335
127.073785	1.151881
207.272272	0.648232
53.817248	2.314963
74.648393	0.727425
96.446834	1.010242
134.181556	0.199431
36.746731	0.057696
196.194013	1.011204
58.014400	2.142983
73.003506	0.294122
237.025647	0.747847
269.498263	0.434738
146.169906	0.419622
42.404551	2.113049
119.108407	0.242015
60.199112	2.104499
193.133775	0.851418
79.458244	1.599599
116.359631	1.592255
71.672262	0.503659
265.594388	0.687012
227.162823	0.491206
174.191913	0.813507
143.370802	1.324496
175.708472	0.911956
77.555829	0.610401
287.164769	0.414431
72.226761	1.510878
256.392393	0.470111
197.958254	0.296874
272.375911	0.626602
106.356310	0.106899
59.536302	2.095985
228.155752	0.338732
268.239014	0.655467
126.553751	0.455181
136.448503	1.197589
88.935521	1.617252
65.623535	2.034038
84.844685	2.178407
180.359008	0.373587
255.408436	0.654820
202.779797	0.790239
68.243178	0.451897
114.813925	1.855853
25.493184	0.478364
54.301779	0.538717
103.515634	1.981975
97.605396	0.581566
263.460516	0.399388
194.537185	0.508115
32.787587	2.926326
63.166186	1.752443
237.613595	0.006339
121.610074	1.498587
72.671185	1.799986
96.868516	1.468173
246.180971	0.732418
93.376508	1.323743
81.186765	0.434726
49.306916	0.360657
125.972205	0.223926
109.077180	1.541574
81.112193	1.726717
206.653410	0.684960
165.031072	0.840311
129.859822	1.354701
155.980455	0.627340
107.201837	0.134622
112.803566	1.728670
48.792101	1.622015
84.674958	0.854107
83.654185	0.676872
178.614981	1.092042
88.710960	1.833307
62.610288	0.771430
134.612269	0.968083
184.497572	0.914984
58.775204	2.322067
50.062980	0.963417
64.038624	0.765442
115.881768	0.340014
86.716763	1.889194
57.112295	2.463151
215.292592	0.724087
15.042418	0.887938
127.013162	1.672148
56.690861	2.912010
130.420866	0.955600
6.582954	1.443722
83.461275	1.477112
28.636557	2.880799
109.273246	1.594372
195.504412	0.244742
177.364142	0.591977
167.711283	1.126919
12.644491	1.170517
224.165490	0.908346
30.187322	2.896611
5.400832	1.287041
83.085240	0.451308
252.732319	0.435270
217.486284	0.888119
301.407468	0.653536
66.554115	1.678197
262.498392	0.722584
198.622643	1.134440
89.023643	1.609231
129.492506	0.120280
110.633708	1.167179
75.888702	0.688305
238.713352	0.682446
52.584476	0.080984
165.953022	1.132877
132.776159	1.045577
248.560422	0.802643
198.129115	0.376705
113.331023	1.770707
110.486580	1.756936
117.004349	0.526733
83.295909	1.832364
63.201854	1.897065
48.805437	2.878304
61.773517	2.060055
249.164041	0.493928
45.028019	0.947553
164.502033	0.906991
131.769193	1.248901
237.006006	0.669905
258.704999	0.157104
26.393329	0.421115
115.912812	0.742363
71.178797	2.046690
68.071742	2.302183
201.571519	0.614959
124.904277	1.602853
72.019706	0.145465
91.513276	0.336970
149.328830	0.630095
11.758083	1.224353
129.195459	0.275869
173.313013	0.747735
39.395572	0.190630
44.454789	2.227505
163.828423	1.066012
122.583918	1.104207
223.504240	0.678286
29.207220	1.098436
54.224192	1.376954
185.751729	0.688269
118.560025	0.914331
54.027827	2.304995
246.437686	0.512993
103.892985	1.856351
34.544725	0.782088
128.006484	1.396170
245.153555	0.410253
75.191802	1.888501
62.401973	0.701319
243.326863	0.195884
219.305301	0.646692
50.133524	2.147463
106.712977	1.423997
101.618583	0.621805
92.266753	0.434526
83.009053	0.330271
201.799846	0.164996
145.860767	1.598500
134.628153	1.539245
150.952646	0.954589
27.763968	0.793749
287.165757	0.701685
164.315602	0.983989
241.970734	0.993333
152.492062	1.030771
216.571845	0.898924
68.104525	0.486108
35.963269	2.909240
200.667729	0.366286
71.354574	1.995100
94.803356	2.224273
101.416151	1.580516
247.301522	0.680540
65.189014	1.981985
56.418500	0.318442
72.587126	2.366975
89.860161	0.390121
134.293992	0.984694
66.195659	2.161250
87.192275	2.302257
153.283955	1.260880
17.984268	0.923382
226.984571	0.643831
58.495684	0.311398
138.293276	1.032768
36.363471	1.318035
127.817992	1.508268
153.094520	1.149288
190.963664	1.171523
57.890876	2.309758
71.786413	0.081844
55.471444	2.414690
235.734747	0.496292
216.515981	0.759624
185.371668	1.021762
19.042624	1.241512
132.977358	1.210288
67.252567	0.394927
267.697896	0.518647
200.762607	0.611370
54.923868	1.719766
106.309225	0.359480
126.218650	0.225718
90.205786	0.101631
87.436068	0.463434
159.241799	1.265647
46.312991	0.486441
19.095641	0.377566
99.057738	0.602972
124.139573	1.070791
86.317431	1.698317
81.313390	0.574505
216.020608	0.819811
56.338953	2.321032
216.963190	0.730390
47.540919	0.622118
60.456342	2.846150
52.508306	2.590195
107.722267	0.936153
199.637338	0.909511
32.912075	2.561313
7.108762	1.925948
77.648416	1.401184
147.336632	1.346009
119.042510	0.395579
65.677287	2.240358
273.124074	0.085777
63.539172	0.614104
27.333942	0.909109
242.786145	0.559424
108.107604	0.073416
84.228072	0.464638
266.985504	0.376178
102.578432	1.391969
235.804487	0.445663
40.878378	0.259829
120.956634	0.956556
39.722807	0.293138
13.868081	1.177123
59.998280	2.657917
178.964506	0.888077
141.784247	1.249692
107.009003	1.714974
92.798749	1.237021
104.692150	0.336255
179.621117	0.577196
11.943772	0.814518
259.809825	0.517872
96.408623	0.307497
52.085509	0.217650
125.186532	1.053093
156.294469	1.200121
283.496921	0.661444
94.450226	0.394856
100.223745	1.756538
105.564119	0.306867
10.896599	0.636741
278.743542	0.168548
95.942877	1.394684
155.268078	1.154120
78.582317	1.822305
84.063843	2.597449
58.667638	1.752761
198.475714	1.206900
192.009449	0.871348
257.012072	0.485421
37.915975	2.661704
125.998282	1.578511
213.589864	0.748690
66.897990	0.623607
5.088775	1.817526
122.059007	1.723346
81.717234	1.850963
35.547039	2.889172
40.870214	1.107020
256.815179	0.291152
84.926477	2.221875
219.392858	0.569848
142.498867	0.890052
66.009420	1.882798
46.613832	2.190686
232.115568	1.030612
222.670666	0.758282
32.888372	0.635233
94.821623	2.285532
82.514329	1.799373
245.263257	0.173225
43.439243	0.468688
18.426302	0.394643
176.023208	1.358568
42.289199	0.341351
196.767060	1.200234
69.348118	2.160925
238.538073	0.636236
180.292908	0.808074
288.075810	0.548799
111.319904	1.406988
28.027847	0.453340
91.860679	1.490886
292.882707	0.677041
36.655286	0.570144
71.336042	1.976281
56.602862	1.715531
180.922505	1.408480
169.844278	1.127401
91.727212	0.280144
162.194688	1.198347
117.657804	0.100280
61.832441	2.358956
42.368204	2.872330
246.691231	1.009947
147.122961	0.556174
215.026953	1.013232
148.411386	1.111670
79.429298	2.399156
104.375307	0.367103
250.476441	0.465129
203.029278	0.748252
243.931248	0.530343
51.620087	2.295042
111.911060	0.569889
90.726485	0.253870
80.658746	1.681150
125.120378	1.667793
104.689575	1.025594
147.022037	1.009047
204.193060	1.023419
104.672181	1.341713
243.011811	0.268542
109.129300	0.079890
186.753681	0.554303
220.270785	0.388567
230.534343	0.787654
117.361362	1.520904
98.745858	1.534573
79.936258	1.804729
236.291049	1.046460
48.526263	0.233297
239.116531	0.834321
204.829252	0.348253
286.425920	0.425704
83.075248	1.144040
105.814765	1.594191
102.619504	1.736322
103.473690	1.333193
83.400215	1.914621
285.607680	0.146864
200.500178	0.645067
248.815540	0.274626
153.664178	0.670451
111.285627	1.136665
235.065662	1.140952
119.906608	0.413760
90.509351	1.448825
182.036160	0.974698
244.655650	0.325146
274.944242	0.424981
226.771239	0.598901
139.013721	1.497281
120.679584	0.617004
19.398994	0.482157
110.696683	0.455096
53.833754	2.555923
194.067887	0.355419
149.824472	1.212957
111.146585	0.071843
39.434782	2.374102
112.104602	1.723737
25.790471	2.949254
69.175442	2.069872
92.841362	1.652017
112.301868	1.164072
21.358029	0.728990
88.993817	1.287139
26.755726	2.386743
172.036736	0.696648
43.398379	0.494927
69.274455	0.731764
47.018096	1.169318
236.642688	0.412014
144.262566	0.874552
137.429499	1.025106
246.415876	0.530111
241.666339	0.495855
163.907555	0.855974
249.430541	0.623463
86.885043	0.469052
48.278631	1.856515
266.697064	0.630739
63.792964	0.247169
204.413368	0.263957
278.004677	0.473672
127.835963	1.226132
118.193121	1.545523
115.430488	0.319101
82.152401	1.256990
50.031633	1.521972
46.373599	2.952395
179.087828	0.837934
76.921824	2.320096
258.806232	0.205626
172.264114	0.311599
275.292888	0.812455
106.010862	0.377942
110.856559	0.213067
129.941937	1.458125
104.560268	0.671306
105.951233	0.751409
128.527710	0.760520
100.935036	1.838481
105.193159	1.262480
21.230711	0.877717
156.053281	0.790849
138.593658	1.495836
235.875846	0.609218
43.366613	2.746927
38.976122	1.112902
47.385962	1.058178
197.009308	0.153083
217.144074	0.214781
227.081139	0.979451
67.334082	1.845804
178.763846	1.151751
131.073972	0.554579
123.927023	1.029847
99.775170	0.676980
164.863065	0.796357
75.832955	0.737281
41.774544	0.586558
168.224149	0.982346
58.914816	2.288494
105.646462	0.551164
111.221439	1.456022
191.317462	0.768863
168.120807	0.740832
262.331550	0.673970
206.071114	0.758679
80.844741	1.318187
39.678399	2.247128
287.271830	0.528670
247.895618	0.296851
50.961326	1.598826
232.090288	0.461609
51.714245	0.514825
145.444282	1.479683
222.046738	0.152406
14.359991	0.940836
41.621159	2.292639
43.039195	0.159840
105.099779	1.202415
225.924229	0.563783
266.076707	0.607536
112.755609	1.554194
45.026737	2.851207
109.768504	1.476089
194.910212	0.522247
120.377325	0.777616
137.154435	1.353315
161.970095	0.328588
77.405925	1.983492
24.628134	0.671390
209.006880	0.901049
265.710896	0.938342
41.268343	0.678087
124.166567	0.900691
190.768762	1.576105
41.138562	2.087334
181.527802	0.404260
182.888693	0.513099
72.877153	0.979725
117.568009	1.663235
289.691584	0.666989
113.135486	0.723192
146.974137	1.146633
127.035308	1.175235
137.323819	1.470852
128.287932	1.278087
48.142639	2.219311
104.044379	1.891361
106.292771	1.429078
165.512014	1.090291
172.202246	0.776323
255.202894	0.336849
193.280327	0.550472
94.864733	0.908854
90.481453	0.606167
165.115010	1.097080
151.644262	1.279033
210.083183	0.838961
85.012131	0.462591
52.551369	1.919836
197.977955	0.726600
150.546003	0.641297
79.483691	0.335011
113.678706	1.767219
62.450760	2.078395
161.006326	1.075817
76.286464	2.105308
27.950021	0.910773
253.947314	0.893648
239.842612	0.433360
51.585124	2.325471
14.370594	1.052090
57.215311	0.287489
89.995623	1.644414
168.844849	1.140229
70.732042	2.350669
59.527583	2.495956
141.528300	1.383823
70.277982	1.431825
78.402081	1.028530
59.110863	0.513065
100.172027	0.524358
137.820757	0.894353
6.780501	1.021293
236.772908	0.661067
116.801069	1.218833
53.916402	2.435950
235.434975	0.579632
144.024620	0.778482
178.729527	0.967698
79.795498	2.450638
45.001368	0.882905
273.908716	0.525567
49.768212	1.711020
83.039418	1.774039
30.473021	0.342432
80.787323	0.285575
209.931913	1.294087
284.757336	0.085547
14.174933	0.908023
118.169923	0.171702
82.851724	1.400957
124.842276	1.134583
101.761973	1.717125
288.785016	0.193478
77.246032	1.616858
181.656301	1.185376
77.664706	0.947500
104.796591	1.655766
137.662201	1.267507
157.073429	1.614808
23.672997	1.073347
222.012503	0.704657
172.488501	0.630257
250.281868	0.437606
228.990286	0.761767
46.996824	0.355079
111.274036	1.181827
257.639265	0.367617
147.831118	1.185610
106.511972	1.110488
55.582435	2.004788
291.126411	0.407199
30.149792	2.237234
20.381689	0.697639
282.659422	0.532450
196.222656	0.756414
54.679405	0.310758
29.239308	2.507562
162.164589	1.107181
101.737796	1.280429
203.697187	0.507167
112.925648	1.145037
159.927718	1.142092
140.065962	1.286644
252.084761	0.946133
182.138714	0.690979
203.202842	0.827146
81.765960	0.303080
258.715912	0.539364
114.947935	0.298626
181.752802	0.932633
156.706633	0.566307
158.083099	0.846635
155.519643	0.928827
57.261178	2.078261
120.821950	1.395119
99.956001	1.703657
221.600882	1.114053
46.132249	2.443281
108.126081	0.172419
113.073663	0.798546
145.716893	0.910476
110.896843	0.385272
103.356877	1.041543
169.186600	0.879117
44.334942	2.451793
38.763914	0.631125
124.371151	0.899661
81.905577	1.838839
179.229904	0.328792
63.087846	2.167268
38.350229	0.942015
186.115292	0.459846
263.554176	0.791624
261.849077	0.394977
186.250925	1.617407
222.290561	1.181971
203.599624	0.529872
202.344912	0.249607
89.452961	1.545783
46.038740	1.692764
33.260266	2.869677
50.700215	0.119108
56.876000	1.819770
30.154747	0.929936
246.450196	0.703055
267.480787	0.645056
79.996167	0.618287
166.071814	1.222720
195.309144	0.680909
110.160747	1.311058
42.100815	0.505417
262.329612	0.456922
80.581261	0.569643
217.416229	0.343953
50.690249	2.270992
94.411288	0.325794
107.267828	0.610974
43.785602	0.262125
192.560563	1.098369
247.196532	0.519067
94.038133	1.693721
197.977017	0.947617
276.039128	0.392279
32.760591	0.631779
172.907375	0.488673
121.813654	1.433748
184.402335	0.852090
76.068372	2.181951
33.984990	0.559285
144.314769	1.599783
103.851493	0.296881
57.275848	0.624487
66.820611	0.168656
176.026705	0.775208
56.530891	2.276380
204.249677	1.801826
82.244237	1.357217
90.050909	1.545714
233.138425	1.222711
226.433638	0.302965
212.205055	0.643695
102.663624	0.543139
51.330814	0.521673
116.833466	0.523841
59.544359	1.848185
285.637488	0.316695
4.509745	1.302613
70.022756	2.013641
81.927118	1.546110
265.545361	0.107642
111.622804	0.344752
189.623244	0.776247
142.409962	1.596808
79.823577	2.370019
234.738905	1.065914
36.771879	2.080488
214.310792	0.591282
184.234004	0.868489
127.109463	0.785523
243.101852	0.562967
208.146279	0.960870
125.912780	1.037837
122.477693	1.181135
19.529632	0.879718
80.407156	0.323215
134.480381	0.569267
138.311318	1.218119
271.370602	0.403147
115.097507	1.269005
173.696040	0.294499
86.021351	2.100091
107.315521	0.448575
121.485392	1.127166
258.509054	0.294034
59.951019	2.315618
160.352068	0.995706
59.001150	2.685437
169.701666	0.605122
80.212993	0.623621
32.607127	2.659746
224.398243	0.906801
33.595375	1.943876
159.561243	1.307757
51.565941	0.381179
192.503891	0.756718
226.851533	0.510907
259.564376	0.965532
107.401288	1.352400
94.581917	0.412398
153.454490	0.922088
84.639088	1.929258
96.691744	0.370006
102.907701	2.026365
4.217014	2.254932
103.106836	0.140967
125.732351	1.172332
71.660067	1.809109
80.497809	2.008994
66.963459	0.739604
268.676403	0.707729
64.576618	0.298087
162.670942	1.294001
137.905420	1.259201
47.280455	2.945221
117.403523	1.133086
76.485418	2.017910
67.864538	0.547633
112.872032	0.025515
113.538600	1.532134
155.774028	1.412010
223.837982	1.352317
137.539566	1.024986
192.363988	1.405264
134.664383	1.275411
57.983334	0.878431
203.756051	0.763977
22.686771	0.460213
47.139401	2.628334
85.650264	0.554548
221.172641	0.394999
230.771667	0.362190
100.996515	0.419996
169.054125	1.750091
184.898938	0.892954
253.622105	0.505415
283.680305	0.304263
179.996497	1.124138
79.070049	2.161811
250.800758	0.588605
95.647623	1.556536
68.426289	1.176028
57.481093	0.442131
61.504498	0.558771
136.024883	0.762120
207.520179	0.668257
52.771875	0.207570
241.277457	0.332186
62.621125	1.783945
57.234787	2.403405
92.192623	1.584446
101.105735	0.147617
88.522401	1.989608
30.873285	2.934059
95.875410	0.494163
72.847833	1.127639
246.359964	0.472726
69.957190	2.329426
41.615758	1.483544
60.440968	0.683043
274.582085	0.605173
103.335768	0.211873
250.109172	0.174020
107.020538	0.299085
26.523245	0.883377
108.630637	1.808555
84.118312	1.777416
107.201938	1.349056
109.342154	0.780383
128.562666	1.776746
134.602159	1.105448
210.718408	0.829733
24.578841	0.360777
96.068545	1.282308
40.308969	2.952459
110.398670	0.587133
154.456114	0.930512
123.280346	1.213930
153.896169	1.684222
232.518409	0.729793
103.582845	0.313803
89.178971	0.354325
12.358828	0.883294
144.357695	0.954468
27.482214	2.709435
90.214093	0.644516
111.420549	0.097744
194.214075	1.165870
47.054289	2.326756
129.002278	0.890716
128.062267	1.234035
107.800667	1.889165
93.433690	0.168902
247.755852	0.434868
133.737853	0.801641
177.621019	0.684381
253.109254	0.153652
210.421957	0.935614
146.765689	1.413748
221.065642	1.000307
83.750392	0.625938
104.493201	1.406323
106.863607	0.389691
83.449774	1.710775
20.383687	0.685306
74.204757	1.481879
199.370132	1.267037
130.338638	0.289141
222.907434	0.799403
181.559402	1.452230
7.251840	1.439354
229.362608	1.198180
235.846867	0.670785
279.129365	0.774029
4.869832	1.586200
44.051973	2.887694
98.536153	0.329223
221.549144	1.015230
200.867127	1.171349
235.414114	0.677306
144.248828	1.013484
28.659899	0.384571
223.204940	1.333356
266.044912	0.271982
130.578399	1.126629
73.216906	2.628415
65.258357	2.411296
185.698541	0.790154
244.766650	1.125449
69.825672	2.208183
59.817447	1.888347
161.036234	1.278516
68.327400	0.346780
251.003278	0.987135
94.836711	0.434628
64.344928	2.184146
56.024353	2.383114
33.019620	2.813006
57.747681	2.107377
49.228609	2.147303
74.851305	0.406022
38.315015	0.727734
216.841151	1.004720
61.334838	0.314940
210.522715	0.657096
16.484923	1.021165
229.489506	0.432377
186.452707	0.971904
207.225205	0.611962
181.475879	1.375330
120.395258	1.705740
10.001180	1.000861
14.307671	0.898396
161.938430	1.034520
230.188604	0.681935
110.427358	0.347669
100.005614	0.461621
31.314179	2.724946
222.997504	0.120481
217.726248	0.814930
64.645682	0.158282
202.064980	0.759639
261.727969	0.753069
222.511207	0.590493
41.584218	0.850189
27.245728	0.888559
185.279840	1.192531
118.297150	0.850858
116.711951	1.565280
246.633633	0.593631
140.042434	1.516535
137.738846	1.482597
128.073850	1.496929
92.995735	1.739157
175.497508	0.605710
193.696808	0.779873
91.702100	0.123839
128.692100	1.199747
212.273860	0.615989
104.407549	0.515230
184.426025	1.016034
184.098003	0.789491
179.933842	0.419485
46.624446	0.387956
185.535379	0.970356
172.662718	0.485970
54.087012	1.990926
122.476810	0.095239
59.475775	2.106028
169.653976	1.092106
187.902789	0.631523
138.425939	1.569882
94.723903	1.431060
169.140428	1.394970
80.225523	0.813385
186.783116	1.349690
62.668218	0.438960
285.682890	0.306635
56.495312	2.544068
98.854271	0.455614
155.189722	1.440105
73.364069	1.452573
104.694314	0.152731
123.428436	0.229990
36.172767	0.436625
29.364943	0.359125
162.950383	1.045386
120.076814	1.411868
194.383059	1.094626
274.889134	0.360438
46.273159	0.529540
72.967695	2.365928
51.044059	0.680439
235.523079	0.489853
250.184765	0.302236
242.375009	0.458004
66.910931	1.382336
253.160149	0.281935
21.049474	2.921272
70.935495	1.857177
23.869171	0.509544
27.479641	0.630559
71.593156	2.420492
126.121941	0.648017
40.193753	2.031632
137.809830	0.933002
50.109755	1.961578
49.115633	2.119751
257.204267	0.247685
41.518348	2.336020
283.812453	0.608851
237.510468	1.151840
222.634993	0.497601
115.147056	1.097143
134.492908	1.298372
157.718371	0.942808
190.293759	0.727385
87.361371	1.359224
126.117939	1.203057
82.320500	1.578086
120.047672	0.409190
144.350104	1.126223
50.363771	0.611830
214.603497	0.735559
251.965085	0.582259
95.664031	0.166976
197.562973	1.023979
82.830673	1.910453
186.800831	1.261224
113.023093	1.315802
93.749169	1.683862
49.671880	1.600893
90.855108	1.024345
69.948279	1.574386
143.904270	1.176667
202.582026	0.911254
194.996343	0.647029
159.023072	0.791379
96.900243	0.622402
144.971409	1.066604
8.703597	1.206395
87.758077	0.477108
87.720302	1.259397
30.628505	0.912426
76.757161	2.042762
208.882003	0.662138
185.948999	1.072607
114.575695	1.472332
229.852563	0.692314
63.289469	2.104383
255.050665	1.311208
250.111912	0.513469
106.806359	0.246809
186.473115	0.852733
187.347044	0.934448
184.415516	0.468966
44.615803	0.278386
245.978401	0.813294
272.787152	0.385683
8.764163	1.481206
68.948786	2.232801
69.858056	1.791804
190.738247	1.006422
233.818814	0.859474
69.016357	2.045748
204.544098	0.894084
37.185391	2.637169
253.373832	0.687369
262.803652	0.302654
123.404000	1.717637
192.638848	0.358285
115.434957	1.288534
167.389669	1.132161
161.543856	0.962415
173.854611	0.755311
90.515288	1.598426
55.378094	2.265519
76.587807	1.907656
236.538681	0.555130
72.833302	1.983278
94.316008	1.666168
116.047960	0.386641
125.584102	0.940907
51.900152	0.726336
47.590429	2.483159
163.705696	1.295238
91.086401	0.009072
29.735916	1.054442
249.704756	0.299638
160.392211	1.074956
78.780593	0.496871
171.643371	0.808716
31.921227	2.478190
262.455543	0.291628
60.206831	2.141222
194.613010	0.380739
278.180005	0.064414
37.922312	0.840079
216.223014	1.207837
100.344481	0.424347
225.750485	0.342758
5.260047	1.133719
243.544389	0.437982
300.609315	0.495807
31.807121	0.413766
90.380262	0.368814
234.237609	0.933223
221.864130	0.358808
214.050987	0.928788
57.662117	1.882534
187.840123	0.208448
129.263378	0.674520
131.363242	1.161214
100.851652	0.712983
61.214101	2.310754
147.502447	0.528821
237.022098	0.758564
94.872128	1.535594
228.613370	0.947446
263.874470	0.593315
41.740120	0.387815
241.994068	1.226098
272.573129	0.177389
134.173228	1.128002
56.989066	2.723710
188.428191	0.691659
31.916767	0.594600
116.112894	0.389521
92.872390	1.701084
186.828647	1.296869
227.955032	0.760180
103.445037	1.501201
210.026568	0.942258
77.963134	0.445382
113.997893	0.170314
292.463139	0.529143
214.653188	0.815961
53.987610	2.550383
158.140600	1.105902
255.113447	0.360306
132.989245	0.798456
223.639240	0.268123
251.433110	0.858809
23.189592	0.675181
90.145738	1.657740
62.396233	0.602749
121.623271	0.383603
54.453797	1.875866
137.480188	1.049213
87.943113	0.174382
54.918649	2.512126
82.433947	1.607554
218.149912	0.295388
133.378311	1.158864
19.601043	0.601428
112.184804	1.442444
112.313185	1.273782
171.051383	0.374425
2.103099	1.688368
162.167269	1.367620
43.800525	1.069818
254.111797	0.403301
123.425566	1.530316
75.054982	1.723440
90.452607	1.844841
186.053998	0.864386
53.878149	1.459383
164.149108	1.431200
81.873117	0.436848
55.685885	0.703796
255.828926	0.461931
238.189958	0.578954
152.112360	0.963892
270.162703	0.119375
54.093927	1.951714
98.465126	0.958446
222.767860	0.697531
50.322015	0.244514
171.415832	1.277372
285.441083	0.312783
227.115297	1.045145
109.923727	1.352703
132.770718	1.328102
149.819523	0.633713
226.198460	0.591018
232.435643	0.200585
280.038581	0.328683
15.925368	0.973506
76.119948	0.416833
278.028836	0.808608
269.828205	0.294552
222.506119	1.418364
113.693839	2.014565
108.460784	0.164498
103.903398	1.339372
52.894749	2.910901
125.282062	1.514799
244.594611	0.402700
207.186668	0.513585
142.675437	0.986917
202.767656	0.536693
93.721062	1.801563
195.688869	0.437658
169.566746	1.288494
183.441250	0.859631
59.492781	0.594652
89.730044	0.705662
105.804622	1.192914
176.234916	0.957659
225.578262	0.862352
32.890281	2.726423
254.843810	0.924521
251.589217	0.866465
103.507088	1.941118
33.259184	0.752394
213.959722	0.679420
29.705807	0.986706
68.770846	2.195861
72.643037	1.843144
103.300329	0.186889
55.887322	2.360280
156.917901	1.412600
130.948113	1.140062
275.079690	0.738844
95.591045	0.735300
62.938161	1.768363
198.675749	1.016954
48.914260	0.939220
279.571245	0.265540
22.679146	2.515839
44.943944	0.461405
148.856059	1.091578
234.903378	1.274381
100.338002	1.653756
44.011239	2.274392
43.018538	0.817141
107.033962	0.510494
224.109811	1.062078
121.519737	0.353871
258.191279	1.113294
121.614543	1.384833
99.159440	0.318552
165.543705	0.933652
106.918222	1.576506
109.575272	1.583173
137.614264	1.234786
106.622365	1.513519
80.249009	1.978715
12.329386	0.929686
107.852715	1.974126
225.761790	0.543862
259.652725	0.648423
11.955686	0.932047
33.578039	2.120868
233.553962	0.480577
247.479462	0.059774
215.809964	0.881497
246.628293	0.528161
37.094177	0.398464
86.597132	0.332237
112.174765	1.168851
114.505818	0.695057
30.381754	2.634872
144.312137	0.579853
62.981013	1.411817
160.462715	0.619849
220.502275	0.494019
62.043532	1.972343
69.288121	1.890553
278.643051	0.364438
49.006159	0.161500
73.591815	2.237543
163.939637	1.056316
98.886295	1.512215
196.204197	0.984565
81.163332	1.839454
100.572382	1.987955
19.737180	2.954557
88.038532	0.564594
224.021040	0.687476
215.193551	0.570892
223.499995	0.747805
253.859583	0.218103
95.526255	1.214551
94.435610	0.279299
165.779999	1.079740
199.713956	1.251820
177.998816	1.024210
172.129904	0.730948
111.552558	0.576322
138.608530	1.116949
206.041148	0.722282
137.221829	0.505167
32.469186	2.579764
257.241496	0.485171
234.330509	0.670200
246.097325	0.587938
162.992495	0.661184
129.685145	0.492962
54.413083	1.401718
82.752058	0.461701
215.032269	0.599392
127.375710	1.200993
113.994717	0.289774
99.195754	1.509561
172.250813	1.139445
84.207732	0.292544
139.549843	0.891888
125.722677	1.065901
212.824873	0.861531
91.442870	0.588475
157.038271	0.779106
68.620199	1.812600
38.078864	2.402967
173.326101	1.208874
160.000699	0.310077
107.600715	1.007521
120.197972	0.691910
161.887574	0.889791
253.897170	0.819853
26.543127	0.674704
169.199446	1.207250
56.409666	2.734820
215.160270	0.888818
53.191415	2.507696
75.942717	0.361981
54.549457	0.412725
100.986424	1.114167
183.266650	0.732160
37.491902	0.317645
178.496812	1.221961
46.224433	0.769394
70.072922	2.254918
225.944835	0.983594
73.337060	0.220576
5.614877	1.293471
107.080980	1.077154
133.559815	1.140935
93.539819	0.339974
50.680905	0.585093
62.059598	2.550270
244.194408	0.922218
274.603620	0.361626
57.350372	1.858608
231.845326	0.711016
217.374482	0.990251
106.786886	1.160018
115.554837	1.064499
21.727049	0.699092
259.927378	0.856034
157.498139	1.086129
205.045096	0.802207
92.204223	1.326429
156.278004	0.449708
150.621006	1.177868
76.204158	1.242141
20.952896	1.240843
200.057155	1.485331
55.655265	2.300587
235.405241	0.252208
288.473472	0.205404
162.820079	1.457407
133.730397	1.561534
223.424385	0.194451
134.609282	1.129250
123.474552	0.246482
14.819317	0.921700
234.999222	0.636672
139.025422	0.790735
32.507658	2.718709
154.521506	1.331560
287.417111	0.596281
166.010669	1.267264
40.597597	1.926816
162.283733	1.244735
75.209221	0.426306
290.501784	0.307065
24.862779	0.766220
86.618399	0.602252
124.298647	0.756102
155.827200	0.980642
261.613668	0.441928
207.058097	0.913280
85.689658	1.477462
172.227799	0.454811
212.479382	0.793861
79.242363	1.985812
57.267046	2.117563
223.438555	0.285358
104.280502	1.380054
31.137559	0.917909
61.667698	1.055432
122.833334	0.334906
100.332301	1.742056
93.684839	1.168096
2.116306	2.811892
223.467299	0.588597
188.231913	0.421101
47.729801	0.216854
162.075527	0.410894
45.603871	0.555411
31.050689	2.458236
141.101171	1.174798
294.767774	0.624242
250.216973	0.874519
229.862312	0.463952
188.292850	0.975078
162.331815	1.589307
254.792435	0.500607
45.362272	0.458386
126.414059	0.742280
178.718506	0.535725
92.573580	0.440929
88.900640	0.295048
230.730786	0.629070
60.897274	0.491494
178.096155	0.384990
251.775282	0.838621
115.011170	0.135594
179.004785	1.133979
36.435022	2.439606
238.365844	0.710980
152.957485	1.028129
153.158710	1.015440
70.800336	0.283651
55.580521	1.761424
80.047100	2.212727
231.617971	0.742991
38.091665	0.318391
93.545617	1.782792
16.312783	1.037958
28.154597	2.282663
165.517033	0.462923
23.511368	0.581327
86.122613	1.507636
251.642340	0.831299
271.404262	0.478476
217.695221	0.837567
52.514050	0.167522
270.316691	0.619604
275.514699	0.301515
106.527074	1.274090
230.816419	0.611030
197.039373	0.858792
171.330162	0.437529
157.324995	1.551962
136.425846	1.416800
131.658965	0.998238
184.447590	0.938442
91.522073	1.249623
222.859754	0.542183
20.556719	1.438375
117.347680	1.891605
182.177461	0.586389
105.065446	1.990372
271.889131	0.323951
249.555022	0.266984
68.427346	2.309513
71.047744	1.638851
233.687233	0.460256
67.172419	1.652620
140.828881	1.387039
60.859842	0.334240
143.934918	0.829704
299.336594	0.298084
171.166717	0.899682
19.325771	0.481988
121.043841	1.970231
69.475151	0.495382
41.532274	2.042204
94.455312	0.742860
58.482893	2.021344
25.443828	0.353001
254.530651	0.609220
47.574422	0.963522
196.496006	0.972138
243.928586	0.851641
101.556117	0.391393
87.962109	1.858592
277.337710	0.476342
110.916711	1.984938
158.351274	1.547399
92.233823	1.393009
76.866414	0.199694
115.638146	1.393000
117.060302	0.928165
78.194400	0.482667
118.986729	1.690824
91.446326	1.551883
228.596355	0.339699
160.169254	0.499940
109.221665	0.822833
257.052694	0.253865
223.416660	1.010468
67.750223	0.666809
241.449368	0.289054
75.815435	0.596349
243.936716	0.828995
179.421536	0.867483
239.605313	1.189374
18.867219	0.557995
234.919022	0.506608
122.077169	1.176938
95.482241	1.343481
158.756113	1.415642
216.815016	0.311158
240.676097	0.618946
102.032148	2.213609
254.930902	0.404680
89.360794	2.118551
46.881228	0.238671
67.264355	0.706346
53.214412	1.785756
84.900462	0.423421
185.493743	0.410395
127.582454	0.889541
31.250842	0.710476
236.468601	0.587479
125.394160	0.206355
71.192502	1.225754
115.338579	0.208848
94.342524	0.095273
114.754979	0.260171
107.755020	0.397299
225.232753	0.547755
107.458019	1.755091
260.561820	0.086781
21.578049	1.296730
55.834550	2.272543
43.964270	1.981541
112.373201	1.556015
209.780523	0.702841
272.488062	0.333748
67.499405	1.420814
97.976472	0.216787
241.453500	0.361155
73.542813	1.755335
55.351509	0.402572
111.745618	1.655962
276.949915	0.133575
103.786093	1.638672
263.291036	0.072309
134.787906	1.379267
260.407197	0.700278
114.124364	1.017926
161.730942	1.451824
106.319946	0.661145
109.772904	0.606176
135.165137	0.500109
41.797726	0.618888
125.009136	0.901434
82.166626	0.607124
205.199394	0.835029
120.555630	0.355434
85.524795	1.573087
238.213821	0.553319
222.018518	0.116604
113.308809	0.915745
192.966106	1.018835
49.694124	0.530808
185.555413	1.245287
86.398446	0.541576
143.713867	1.096432
49.197051	2.925925
12.623325	1.596888
47.662180	0.610119
104.846045	0.435035
55.855533	0.565595
295.813133	0.252873
58.807816	0.369527
114.016137	1.162610
269.505905	0.525112
263.008548	0.121512
108.766751	0.185381
184.357296	0.857843
46.429681	0.569705
270.158593	0.408841
284.008722	0.217974
263.606594	0.879541
50.407596	2.084502
31.365735	2.240082
184.797093	0.816153
125.613790	1.113734
98.536044	0.602795
123.026024	1.585141
126.551052	0.926921
52.693267	1.637249
233.473661	0.953837
39.189230	0.378058
56.905366	0.784249
101.118270	0.580781
245.133681	0.473348
101.848570	0.465482
92.906616	0.409154
115.184519	1.365958
171.088330	0.560972
51.225104	2.293792
63.658817	0.811740
206.132143	0.736062
69.218425	1.838754
105.724665	1.497625
229.091730	0.601153
13.924823	1.059168
170.126144	0.847160
75.171539	1.936947
183.500788	0.735105
212.383259	0.591505
295.787812	0.414498
119.280437	1.496909
100.684243	0.044172
103.079979	0.404923
79.866950	1.746727
200.349825	0.584112
200.219657	0.874414
35.590742	1.006459
223.333895	0.952737
167.916270	1.170626
133.378765	1.385104
204.337560	0.624612
230.762987	0.924103
249.912381	0.575242
160.554146	1.244120
110.234689	1.225017
236.206320	0.387268
86.680785	1.323383
168.680624	0.843573
77.016204	1.636545
227.636692	0.513358
137.989071	1.098348
1.758591	2.201563
236.934195	0.549885
236.797925	0.402660
192.156998	0.228488
275.992379	0.337956
83.630806	0.450047
154.723317	1.186429
272.409525	0.579377
230.496409	1.032573
203.297604	0.301166
142.771010	1.456563
109.713819	0.440930
123.742833	0.598970
201.005352	0.244546
194.285253	1.275580
37.890235	2.802241
208.930733	0.480410
59.168526	1.860556
165.966237	1.322086
77.559803	0.140830
218.140300	0.719307
110.555659	1.311334
11.746182	1.252183
102.351948	1.488425
119.072876	1.559619
238.364593	0.873411
288.774210	0.115506
276.238808	0.522036
82.736879	1.639495
211.080485	0.616588
73.481248	0.327008
76.871838	0.327175
197.198976	0.791692
69.279892	2.203518
64.586679	2.254651
150.974338	1.493652
203.631129	0.728258
165.135106	0.677881
257.521685	0.227357
178.481512	1.087994
228.471458	0.391696
82.458884	1.249149
106.119671	0.322578
125.483761	1.288451
215.902893	1.042292
50.153876	0.383648
63.349151	2.323417
215.238326	0.934256
129.013270	0.859465
62.963796	2.339007
249.723751	0.386374
88.836786	1.493449
141.114372	0.523652
61.877917	0.671203
159.176658	1.069175
57.967895	0.479633
180.313604	0.974492
214.683405	0.950090
223.006050	0.920581
227.967446	0.217280
149.333769	1.582101
181.234438	0.193635
19.373103	0.565423
151.454681	1.108810
183.459319	0.774579
176.394256	0.943176
28.883757	0.750711
37.816917	0.752316
72.680988	0.653895
60.739246	2.365771
2.188580	2.617024
234.883431	0.680966
22.636757	2.935142
133.998681	1.049425
249.640916	1.023827
260.249729	0.291419
268.512102	0.209504
72.256884	2.477107
87.479106	0.535318
209.846604	0.840565
166.401228	1.450881
29.598959	0.532485
191.537402	0.075075
54.764520	2.001468
249.098491	0.885105
128.503599	0.228110
243.784948	0.483864
76.010323	0.228395
191.243951	0.975589
12.990392	1.461019
159.940460	1.459099
55.303562	2.221632
86.256501	1.398925
75.993769	2.324336
38.920668	0.887134
271.985892	0.477914
235.368219	0.618166
74.090673	0.481661
218.746297	0.465709
37.010309	0.318274
115.377938	1.114390
162.984263	0.873318
75.342864	1.717523
229.508206	0.297660
40.619187	2.109271
186.487522	0.840034
230.073002	0.663078
55.401123	0.238291
220.694227	0.494804
107.111152	0.566795
138.400081	0.944616
63.316795	1.857406
52.639543	2.113879
45.014572	0.971840
68.042648	0.169389
169.869283	1.137780
2.109446	1.376077
138.863323	1.045643
19.645663	0.876678
147.115351	0.448727
275.246452	0.247278
104.741958	0.616052
205.380946	0.992665
35.614606	0.586732
128.350466	1.436264
217.839145	0.664211
114.621937	0.939878
251.423171	0.779780
120.238069	0.480552
76.449695	2.046351
120.709832	1.002836
69.885155	2.060054
4.859156	1.393613
52.454061	0.258471
157.068571	1.427863
98.294437	0.668195
180.880619	0.376438
164.305794	0.871338
1.698598	2.884211
122.087960	0.827425
10.588911	1.447725
100.244436	1.668964
116.477412	1.425196
255.189484	0.518590
66.198692	1.974098
164.370500	0.562947
207.912976	1.184734
174.880427	0.838814
159.123100	0.737446
77.088519	0.928860
31.456935	2.298024
157.549172	0.770766
142.903034	1.268915
186.205824	0.903989
43.119031	0.327635
140.869718	0.690581
111.700577	1.387650
58.584438	0.614228
192.492105	0.755129
20.529274	0.882536
171.236708	0.679122
261.479163	0.474868
241.268094	0.394771
66.981947	2.667978
50.236370	2.365291
261.877567	0.386655
154.687617	0.880769
57.092093	2.446073
253.090608	0.834951
50.534881	0.114346
134.184963	1.087565
115.801682	0.455227
71.486275	0.366124
238.218335	0.521003
56.858008	0.378625
109.795337	0.697922
41.558809	1.131440
206.921780	0.557914
188.314048	1.144440
108.005804	0.514313
142.719303	1.324279
64.622667	0.553884
98.502011	1.287366
146.441580	1.183830
42.976682	2.103201
52.955613	2.327304
258.996153	0.602017
272.873603	0.644007
106.151089	1.385454
240.305256	0.307624
127.589544	0.948396
139.113487	1.254604
76.107005	0.783935
161.220767	0.592201
39.446834	2.399025
165.561550	0.585659
162.253905	1.195510
246.946361	0.421958
33.099632	0.426945
24.843263	0.558262
100.106128	0.365282
169.805781	1.200018
130.888277	1.258564
16.866269	0.611999
264.342116	0.592635
55.049003	1.888263
170.410744	0.964203
48.548649	0.514686
21.231331	2.930234
286.998094	0.460899
273.851067	0.320666
61.742554	0.755522
173.186488	0.802001
32.635119	0.294899
130.968042	0.724274
96.927920	1.842557
175.369547	1.142510
69.352118	2.375310
149.992068	1.095931
230.176536	0.951047
155.046231	1.098542
99.827412	1.032250
142.745621	0.932279
236.696930	0.399354
82.954692	0.360173
82.179246	1.388977
126.589235	1.192540
220.175114	0.364559
88.772376	0.260109
154.732047	1.272793
53.529711	0.626691
77.030471	0.383493
148.999546	0.674208
135.619151	1.151651
153.583856	1.387733
37.492854	0.676304
125.924839	1.286847
89.419097	1.796670
106.243785	0.570888
28.389585	2.634852
96.704945	0.418564
136.451761	1.424057
60.365424	0.348770
199.925161	0.735672
144.830953	0.761817
281.452956	0.157431
137.669315	0.597624
115.343454	0.287497
117.043545	0.990028
239.092445	0.454548
173.620776	1.181603
42.941301	0.547319
120.489480	0.999533
71.819779	1.787531
113.427794	0.591768
180.829862	1.150060
14.260674	1.159595
293.266306	0.078869
27.542687	2.847264
74.561096	0.588775
79.752431	2.091748
148.332032	0.682109
149.434389	0.931534
64.186085	2.153425
89.786196	1.488168
223.964316	0.630303
59.888132	0.225397
88.682119	1.709092
114.860192	0.951403
212.518369	0.715105
74.625833	0.711543
162.575264	1.505657
199.406223	0.787387
66.792319	0.308771
250.732827	0.788749
52.335794	1.787733
227.226736	0.551975
169.330073	0.986245
229.131238	0.118388
92.361183	1.593575
38.782700	0.458186
81.049531	1.652716
264.879387	0.376722
197.284293	1.063181
73.693368	1.573590
128.828063	1.144096
117.774660	0.223276
255.425339	0.213948
60.439820	2.325169
97.633538	1.473560
136.241417	0.587764
232.401959	0.037718
151.294430	0.548288
215.355317	0.716267
104.877232	0.273871
178.054247	1.032503
19.675727	1.613046
167.729169	1.049749
194.701571	1.198625
130.360869	0.648712
236.138698	0.460186
47.762352	2.100311
39.162358	0.931669
109.024471	0.184511
235.795082	0.569826
36.790580	2.881529
62.497412	1.772072
72.794186	1.189928
150.310006	0.202719
76.829133	0.552827
94.464001	1.777473
65.516487	0.563603
46.146066	2.987343
215.249402	1.043495
169.847173	0.883852
192.286993	1.060859
265.166424	0.238765
60.950773	1.673723
35.466552	0.658763
285.545467	0.315311
286.746760	1.009020
84.651905	1.169447
64.089715	1.937633
34.610840	2.823217
265.654417	0.265835
35.095959	1.682092
77.976614	0.468974
161.796553	1.208818
220.037577	1.114665
91.033110	0.557479
223.125502	0.178194
212.950937	0.617006
41.251002	0.350213
168.323667	1.128719
150.058169	0.595069
4.831966	1.197291
1.657579	2.839744
90.758882	0.385243
43.388911	2.025234
101.629450	1.085062
292.107846	0.561116
235.385847	0.540506
68.793156	0.383962
185.883929	0.711969
293.799745	0.526306
60.378643	2.698417
206.510825	0.224579
156.647584	1.605217
101.123271	1.775243
213.073138	0.728297
235.525662	0.548514
146.765967	0.817220
83.029850	0.067985
61.096770	2.338427
295.646573	0.530450
97.233556	1.585411
55.653592	0.931744
71.080421	2.949497
161.020609	1.270414
184.712148	1.019035
6.304348	1.668340
93.007939	1.809787
72.185706	1.945496
118.698641	0.792030
82.347618	0.304784
114.981103	1.779187
132.060164	0.925031
122.634324	0.772183
66.854785	0.157097
73.484606	0.594698
112.556740	0.638912
118.976228	0.380035
148.009848	1.171749
96.081074	1.882854
252.612975	0.381132
17.804399	0.943680
21.732599	0.806746
128.573144	1.407887
262.977103	0.349222
60.198543	2.220039
279.792838	0.247405
67.046310	1.580302
94.294216	0.376219
60.222411	2.064184
93.442511	0.198396
67.988038	1.973541
229.251067	0.466017
199.357130	0.420713
55.112145	0.550641
254.818234	0.946387
13.400940	0.875410
98.803087	0.752330
280.857136	0.386794
178.504299	1.419020
30.672063	0.348466
172.669362	0.860359
65.638432	2.670646
62.463811	1.745509
222.615567	0.432924
203.230834	0.478438
127.914571	0.975521
254.770990	0.998931
252.334458	0.316845
64.590407	2.594558
217.153335	0.686120
295.244331	0.362221
83.378494	1.562315
264.392547	0.176958
230.549081	0.681560
72.485362	0.496589
17.302653	0.958372
233.084586	0.239277
235.321701	0.206799
99.495306	0.220849
253.749951	0.481897
294.263277	0.436034
74.073251	0.106416
195.656519	0.879548
51.437323	2.307751
193.935313	0.890783
237.495731	0.537376
99.743592	1.436227
249.195999	0.346556
44.408981	0.344280
86.782781	1.607572
56.960842	2.331989
155.432814	1.200568
218.875954	0.595643
292.920081	0.553694
203.769592	1.223696
52.093653	1.889476
72.800658	0.131810
221.865801	0.676459
117.763307	1.779974
294.379115	0.231706
112.670144	1.290457
219.065444	0.755581
50.903248	2.707643
233.241199	0.781970
128.121219	1.420921
191.835650	0.816198
58.488363	2.156054
129.442436	1.239309
224.713524	0.620692
288.683161	0.160026
187.607410	1.227179
60.561558	0.314295
256.398579	0.791678
48.194921	1.724211
196.218624	0.525214
79.506191	1.648298
133.867368	1.137252
126.769588	0.988416
45.764641	2.943000
148.498439	0.701808
151.937117	0.529275
114.100980	0.313881
85.948931	2.351886
114.174101	1.291073
6.456270	1.154093
93.108779	1.299978
194.994610	0.996216
42.544817	2.562401
94.160506	0.283871
252.568908	0.133106
119.073002	0.275775
64.992943	1.617702
263.542394	0.530126
106.226182	1.529265
12.701237	0.883760
13.021548	0.957269
248.276220	0.488068
195.730641	0.846927
230.940499	0.721890
33.947241	2.399606
240.245253	0.509166
188.184032	1.046904
77.058342	2.240866
77.697364	1.988301
26.309557	0.562276
76.025842	2.397192
257.482029	0.525151
144.989956	1.114986
205.485268	0.809060
47.803180	2.927841
182.568553	1.473710
34.971301	2.401549
113.614563	0.110227
213.359424	0.518492
71.513231	0.432114
35.003994	0.272319
60.643441	0.294729
97.636196	0.223193
227.241887	0.592786
9.556702	1.330195
127.451461	0.329406
35.305027	0.151292
61.794959	2.236917
